Relatório de Análise de Algoritmos de Ordenação

Base de dados selecionada com tamanho 500, Sem Duplicidade e Descrescente.

Caminho do arquivo: dados\500\Sem Duplicidade\Descrescente\dtdecre500uni0.txt

Base de dados original: [49991, 49721, 49487, 49415, 49414, 49377, 49178, 48899, 48892, 48856, 48699, 48624, 48608, 48576, 48406, 48401, 48280, 47992, 47983, 47908, 47526, 47515, 47494, 47446, 47376, 47357, 47198, 47160, 46911, 46863, 46816, 46611, 46422, 46210, 46170, 46153, 46094, 46011, 45992, 45843, 45763, 45675, 45530, 45384, 45231, 45114, 44886, 44737, 44568, 44557, 44417, 44205, 44168, 44132, 43961, 43935, 43849, 43798, 43786, 43696, 43620, 43502, 43498, 43480, 43478, 43256, 43171, 43078, 42959, 42924, 42889, 42885, 42815, 42794, 42616, 42574, 42036, 41904, 41889, 41886, 41876, 41845, 41825, 41810, 41670, 41664, 41614, 41530, 41186, 40933, 40930, 40878, 40793, 40753, 40277, 40244, 40206, 40184, 39988, 39971, 39568, 39515, 39432, 39130, 38909, 38896, 38786, 38685, 38658, 38642, 38603, 38558, 38448, 38368, 38349, 38337, 38281, 38103, 37577, 37573, 37176, 37167, 36842, 36803, 36774, 36767, 36661, 36647, 36225, 36211, 36194, 36140, 36117, 36046, 35979, 35900, 35891, 35677, 35622, 35621, 35578, 35449, 35287, 35236, 35191, 35166, 35159, 34901, 34808, 34742, 34714, 34506, 34502, 34465, 34377, 34246, 34168, 33980, 33840, 33654, 33515, 33421, 33333, 33078, 33020, 32835, 32757, 32590, 32580, 32295, 32093, 31938, 31495, 31479, 31364, 31342, 31196, 30754, 30576, 30489, 30389, 30284, 30172, 29911, 29855, 29853, 29849, 29768, 29710, 29609, 29581, 29525, 29498, 29497, 29480, 29132, 29075, 29028, 29019, 28814, 28719, 28661, 28421, 28188, 28012, 28002, 27889, 27440, 26715, 26484, 26482, 26423, 26143, 25908, 25906, 25722, 25555, 25251, 25228, 25152, 24985, 24934, 24873, 24609, 24593, 24578, 24054, 24036, 23719, 23652, 23648, 23607, 23539, 23535, 23490, 23363, 23270, 23104, 23074, 23065, 22964, 22936, 22790, 22764, 22642, 22632, 22584, 22577, 22507, 22466, 22449, 22210, 22166, 22139, 22119, 22087, 21986, 21880, 21869, 21553, 21503, 21484, 21380, 21274, 21260, 21160, 21013, 20909, 20851, 20729, 20676, 20598, 20493, 20445, 20427, 20373, 20293, 20278, 20184, 20152, 20146, 20131, 20034, 19810, 19748, 19603, 19592, 19508, 19485, 19330, 19250, 19199, 19048, 18964, 18790, 18676, 18574, 18554, 18546, 18515, 18483, 18384, 18239, 18163, 18068, 17974, 17971, 17905, 17671, 17568, 17432, 17367, 17321, 17311, 17240, 17239, 17202, 17163, 17139, 17065, 16784, 16783, 16722, 16687, 16600, 16595, 16216, 16156, 16107, 16022, 15950, 15795, 15788, 15752, 15534, 15493, 15488, 15260, 15231, 15158, 14955, 14780, 14715, 14585, 14564, 14513, 14449, 14439, 14298, 14214, 14213, 14077, 14076, 13970, 13853, 13794, 13784, 13414, 13274, 13031, 13029, 12908, 12877, 12830, 12818, 12665, 12618, 12543, 12411, 12293, 12245, 12225, 12174, 11746, 11538, 11421, 11350, 11138, 11068, 11042, 10997, 10865, 10830, 10819, 10710, 10702, 10598, 10571, 10398, 10368, 9830, 9814, 9752, 9699, 9655, 9211, 9172, 9032, 8996, 8828, 8785, 8767, 8734, 8635, 8346, 8277, 8266, 8214, 8051, 8045, 8044, 8034, 8014, 7941, 7836, 7351, 7302, 7255, 7174, 7162, 7039, 7025, 7024, 7002, 6692, 6667, 6644, 6635, 6573, 6562, 6537, 6338, 6095, 6083, 6052, 5947, 5877, 5791, 5741, 5672, 5594, 5342, 5080, 5075, 5049, 4957, 4840, 4783, 4719, 4715, 4487, 4454, 4394, 4297, 4050, 3979, 3944, 3906, 3888, 3828, 3755, 3536, 3407, 3297, 3292, 3258, 2956, 2875, 2832, 2804, 2737, 2690, 2684, 2683, 2637, 2630, 2507, 2477, 2170, 2119, 2056, 2050, 1892, 1867, 1775, 1738, 1605, 1532, 1193, 1142, 1082, 927, 900, 896, 835, 753, 582, 402, 323, 202]

Algoritmo: Algoritmo: Bubble Sort
Número de comparações: 124750
Número de trocas de posição: 124750
Tempo (em segundos): 0,095000

Base de dados ordenada: [202, 323, 402, 582, 753, 835, 896, 900, 927, 1082, 1142, 1193, 1532, 1605, 1738, 1775, 1867, 1892, 2050, 2056, 2119, 2170, 2477, 2507, 2630, 2637, 2683, 2684, 2690, 2737, 2804, 2832, 2875, 2956, 3258, 3292, 3297, 3407, 3536, 3755, 3828, 3888, 3906, 3944, 3979, 4050, 4297, 4394, 4454, 4487, 4715, 4719, 4783, 4840, 4957, 5049, 5075, 5080, 5342, 5594, 5672, 5741, 5791, 5877, 5947, 6052, 6083, 6095, 6338, 6537, 6562, 6573, 6635, 6644, 6667, 6692, 7002, 7024, 7025, 7039, 7162, 7174, 7255, 7302, 7351, 7836, 7941, 8014, 8034, 8044, 8045, 8051, 8214, 8266, 8277, 8346, 8635, 8734, 8767, 8785, 8828, 8996, 9032, 9172, 9211, 9655, 9699, 9752, 9814, 9830, 10368, 10398, 10571, 10598, 10702, 10710, 10819, 10830, 10865, 10997, 11042, 11068, 11138, 11350, 11421, 11538, 11746, 12174, 12225, 12245, 12293, 12411, 12543, 12618, 12665, 12818, 12830, 12877, 12908, 13029, 13031, 13274, 13414, 13784, 13794, 13853, 13970, 14076, 14077, 14213, 14214, 14298, 14439, 14449, 14513, 14564, 14585, 14715, 14780, 14955, 15158, 15231, 15260, 15488, 15493, 15534, 15752, 15788, 15795, 15950, 16022, 16107, 16156, 16216, 16595, 16600, 16687, 16722, 16783, 16784, 17065, 17139, 17163, 17202, 17239, 17240, 17311, 17321, 17367, 17432, 17568, 17671, 17905, 17971, 17974, 18068, 18163, 18239, 18384, 18483, 18515, 18546, 18554, 18574, 18676, 18790, 18964, 19048, 19199, 19250, 19330, 19485, 19508, 19592, 19603, 19748, 19810, 20034, 20131, 20146, 20152, 20184, 20278, 20293, 20373, 20427, 20445, 20493, 20598, 20676, 20729, 20851, 20909, 21013, 21160, 21260, 21274, 21380, 21484, 21503, 21553, 21869, 21880, 21986, 22087, 22119, 22139, 22166, 22210, 22449, 22466, 22507, 22577, 22584, 22632, 22642, 22764, 22790, 22936, 22964, 23065, 23074, 23104, 23270, 23363, 23490, 23535, 23539, 23607, 23648, 23652, 23719, 24036, 24054, 24578, 24593, 24609, 24873, 24934, 24985, 25152, 25228, 25251, 25555, 25722, 25906, 25908, 26143, 26423, 26482, 26484, 26715, 27440, 27889, 28002, 28012, 28188, 28421, 28661, 28719, 28814, 29019, 29028, 29075, 29132, 29480, 29497, 29498, 29525, 29581, 29609, 29710, 29768, 29849, 29853, 29855, 29911, 30172, 30284, 30389, 30489, 30576, 30754, 31196, 31342, 31364, 31479, 31495, 31938, 32093, 32295, 32580, 32590, 32757, 32835, 33020, 33078, 33333, 33421, 33515, 33654, 33840, 33980, 34168, 34246, 34377, 34465, 34502, 34506, 34714, 34742, 34808, 34901, 35159, 35166, 35191, 35236, 35287, 35449, 35578, 35621, 35622, 35677, 35891, 35900, 35979, 36046, 36117, 36140, 36194, 36211, 36225, 36647, 36661, 36767, 36774, 36803, 36842, 37167, 37176, 37573, 37577, 38103, 38281, 38337, 38349, 38368, 38448, 38558, 38603, 38642, 38658, 38685, 38786, 38896, 38909, 39130, 39432, 39515, 39568, 39971, 39988, 40184, 40206, 40244, 40277, 40753, 40793, 40878, 40930, 40933, 41186, 41530, 41614, 41664, 41670, 41810, 41825, 41845, 41876, 41886, 41889, 41904, 42036, 42574, 42616, 42794, 42815, 42885, 42889, 42924, 42959, 43078, 43171, 43256, 43478, 43480, 43498, 43502, 43620, 43696, 43786, 43798, 43849, 43935, 43961, 44132, 44168, 44205, 44417, 44557, 44568, 44737, 44886, 45114, 45231, 45384, 45530, 45675, 45763, 45843, 45992, 46011, 46094, 46153, 46170, 46210, 46422, 46611, 46816, 46863, 46911, 47160, 47198, 47357, 47376, 47446, 47494, 47515, 47526, 47908, 47983, 47992, 48280, 48401, 48406, 48576, 48608, 48624, 48699, 48856, 48892, 48899, 49178, 49377, 49414, 49415, 49487, 49721, 49991]

Algoritmo: Algoritmo: Merge Sort
Número de comparações: 127022
Número de trocas de posição: 127022
Tempo (em segundos): 0,079000

Base de dados ordenada: [202, 323, 402, 582, 753, 835, 896, 900, 927, 1082, 1142, 1193, 1532, 1605, 1738, 1775, 1867, 1892, 2050, 2056, 2119, 2170, 2477, 2507, 2630, 2637, 2683, 2684, 2690, 2737, 2804, 2832, 2875, 2956, 3258, 3292, 3297, 3407, 3536, 3755, 3828, 3888, 3906, 3944, 3979, 4050, 4297, 4394, 4454, 4487, 4715, 4719, 4783, 4840, 4957, 5049, 5075, 5080, 5342, 5594, 5672, 5741, 5791, 5877, 5947, 6052, 6083, 6095, 6338, 6537, 6562, 6573, 6635, 6644, 6667, 6692, 7002, 7024, 7025, 7039, 7162, 7174, 7255, 7302, 7351, 7836, 7941, 8014, 8034, 8044, 8045, 8051, 8214, 8266, 8277, 8346, 8635, 8734, 8767, 8785, 8828, 8996, 9032, 9172, 9211, 9655, 9699, 9752, 9814, 9830, 10368, 10398, 10571, 10598, 10702, 10710, 10819, 10830, 10865, 10997, 11042, 11068, 11138, 11350, 11421, 11538, 11746, 12174, 12225, 12245, 12293, 12411, 12543, 12618, 12665, 12818, 12830, 12877, 12908, 13029, 13031, 13274, 13414, 13784, 13794, 13853, 13970, 14076, 14077, 14213, 14214, 14298, 14439, 14449, 14513, 14564, 14585, 14715, 14780, 14955, 15158, 15231, 15260, 15488, 15493, 15534, 15752, 15788, 15795, 15950, 16022, 16107, 16156, 16216, 16595, 16600, 16687, 16722, 16783, 16784, 17065, 17139, 17163, 17202, 17239, 17240, 17311, 17321, 17367, 17432, 17568, 17671, 17905, 17971, 17974, 18068, 18163, 18239, 18384, 18483, 18515, 18546, 18554, 18574, 18676, 18790, 18964, 19048, 19199, 19250, 19330, 19485, 19508, 19592, 19603, 19748, 19810, 20034, 20131, 20146, 20152, 20184, 20278, 20293, 20373, 20427, 20445, 20493, 20598, 20676, 20729, 20851, 20909, 21013, 21160, 21260, 21274, 21380, 21484, 21503, 21553, 21869, 21880, 21986, 22087, 22119, 22139, 22166, 22210, 22449, 22466, 22507, 22577, 22584, 22632, 22642, 22764, 22790, 22936, 22964, 23065, 23074, 23104, 23270, 23363, 23490, 23535, 23539, 23607, 23648, 23652, 23719, 24036, 24054, 24578, 24593, 24609, 24873, 24934, 24985, 25152, 25228, 25251, 25555, 25722, 25906, 25908, 26143, 26423, 26482, 26484, 26715, 27440, 27889, 28002, 28012, 28188, 28421, 28661, 28719, 28814, 29019, 29028, 29075, 29132, 29480, 29497, 29498, 29525, 29581, 29609, 29710, 29768, 29849, 29853, 29855, 29911, 30172, 30284, 30389, 30489, 30576, 30754, 31196, 31342, 31364, 31479, 31495, 31938, 32093, 32295, 32580, 32590, 32757, 32835, 33020, 33078, 33333, 33421, 33515, 33654, 33840, 33980, 34168, 34246, 34377, 34465, 34502, 34506, 34714, 34742, 34808, 34901, 35159, 35166, 35191, 35236, 35287, 35449, 35578, 35621, 35622, 35677, 35891, 35900, 35979, 36046, 36117, 36140, 36194, 36211, 36225, 36647, 36661, 36767, 36774, 36803, 36842, 37167, 37176, 37573, 37577, 38103, 38281, 38337, 38349, 38368, 38448, 38558, 38603, 38642, 38658, 38685, 38786, 38896, 38909, 39130, 39432, 39515, 39568, 39971, 39988, 40184, 40206, 40244, 40277, 40753, 40793, 40878, 40930, 40933, 41186, 41530, 41614, 41664, 41670, 41810, 41825, 41845, 41876, 41886, 41889, 41904, 42036, 42574, 42616, 42794, 42815, 42885, 42889, 42924, 42959, 43078, 43171, 43256, 43478, 43480, 43498, 43502, 43620, 43696, 43786, 43798, 43849, 43935, 43961, 44132, 44168, 44205, 44417, 44557, 44568, 44737, 44886, 45114, 45231, 45384, 45530, 45675, 45763, 45843, 45992, 46011, 46094, 46153, 46170, 46210, 46422, 46611, 46816, 46863, 46911, 47160, 47198, 47357, 47376, 47446, 47494, 47515, 47526, 47908, 47983, 47992, 48280, 48401, 48406, 48576, 48608, 48624, 48699, 48856, 48892, 48899, 49178, 49377, 49414, 49415, 49487, 49721, 49991]

Algoritmo: Algoritmo: Quick Sort
Número de comparações: 130520
Número de trocas de posição: 132050
Tempo (em segundos): 0,096000

Base de dados ordenada: [202, 323, 402, 582, 753, 835, 896, 900, 927, 1082, 1142, 1193, 1532, 1605, 1738, 1775, 1867, 1892, 2050, 2056, 2119, 2170, 2477, 2507, 2630, 2637, 2683, 2684, 2690, 2737, 2804, 2832, 2875, 2956, 3258, 3292, 3297, 3407, 3536, 3755, 3828, 3888, 3906, 3944, 3979, 4050, 4297, 4394, 4454, 4487, 4715, 4719, 4783, 4840, 4957, 5049, 5075, 5080, 5342, 5594, 5672, 5741, 5791, 5877, 5947, 6052, 6083, 6095, 6338, 6537, 6562, 6573, 6635, 6644, 6667, 6692, 7002, 7024, 7025, 7039, 7162, 7174, 7255, 7302, 7351, 7836, 7941, 8014, 8034, 8044, 8045, 8051, 8214, 8266, 8277, 8346, 8635, 8734, 8767, 8785, 8828, 8996, 9032, 9172, 9211, 9655, 9699, 9752, 9814, 9830, 10368, 10398, 10571, 10598, 10702, 10710, 10819, 10830, 10865, 10997, 11042, 11068, 11138, 11350, 11421, 11538, 11746, 12174, 12225, 12245, 12293, 12411, 12543, 12618, 12665, 12818, 12830, 12877, 12908, 13029, 13031, 13274, 13414, 13784, 13794, 13853, 13970, 14076, 14077, 14213, 14214, 14298, 14439, 14449, 14513, 14564, 14585, 14715, 14780, 14955, 15158, 15231, 15260, 15488, 15493, 15534, 15752, 15788, 15795, 15950, 16022, 16107, 16156, 16216, 16595, 16600, 16687, 16722, 16783, 16784, 17065, 17139, 17163, 17202, 17239, 17240, 17311, 17321, 17367, 17432, 17568, 17671, 17905, 17971, 17974, 18068, 18163, 18239, 18384, 18483, 18515, 18546, 18554, 18574, 18676, 18790, 18964, 19048, 19199, 19250, 19330, 19485, 19508, 19592, 19603, 19748, 19810, 20034, 20131, 20146, 20152, 20184, 20278, 20293, 20373, 20427, 20445, 20493, 20598, 20676, 20729, 20851, 20909, 21013, 21160, 21260, 21274, 21380, 21484, 21503, 21553, 21869, 21880, 21986, 22087, 22119, 22139, 22166, 22210, 22449, 22466, 22507, 22577, 22584, 22632, 22642, 22764, 22790, 22936, 22964, 23065, 23074, 23104, 23270, 23363, 23490, 23535, 23539, 23607, 23648, 23652, 23719, 24036, 24054, 24578, 24593, 24609, 24873, 24934, 24985, 25152, 25228, 25251, 25555, 25722, 25906, 25908, 26143, 26423, 26482, 26484, 26715, 27440, 27889, 28002, 28012, 28188, 28421, 28661, 28719, 28814, 29019, 29028, 29075, 29132, 29480, 29497, 29498, 29525, 29581, 29609, 29710, 29768, 29849, 29853, 29855, 29911, 30172, 30284, 30389, 30489, 30576, 30754, 31196, 31342, 31364, 31479, 31495, 31938, 32093, 32295, 32580, 32590, 32757, 32835, 33020, 33078, 33333, 33421, 33515, 33654, 33840, 33980, 34168, 34246, 34377, 34465, 34502, 34506, 34714, 34742, 34808, 34901, 35159, 35166, 35191, 35236, 35287, 35449, 35578, 35621, 35622, 35677, 35891, 35900, 35979, 36046, 36117, 36140, 36194, 36211, 36225, 36647, 36661, 36767, 36774, 36803, 36842, 37167, 37176, 37573, 37577, 38103, 38281, 38337, 38349, 38368, 38448, 38558, 38603, 38642, 38658, 38685, 38786, 38896, 38909, 39130, 39432, 39515, 39568, 39971, 39988, 40184, 40206, 40244, 40277, 40753, 40793, 40878, 40930, 40933, 41186, 41530, 41614, 41664, 41670, 41810, 41825, 41845, 41876, 41886, 41889, 41904, 42036, 42574, 42616, 42794, 42815, 42885, 42889, 42924, 42959, 43078, 43171, 43256, 43478, 43480, 43498, 43502, 43620, 43696, 43786, 43798, 43849, 43935, 43961, 44132, 44168, 44205, 44417, 44557, 44568, 44737, 44886, 45114, 45231, 45384, 45530, 45675, 45763, 45843, 45992, 46011, 46094, 46153, 46170, 46210, 46422, 46611, 46816, 46863, 46911, 47160, 47198, 47357, 47376, 47446, 47494, 47515, 47526, 47908, 47983, 47992, 48280, 48401, 48406, 48576, 48608, 48624, 48699, 48856, 48892, 48899, 49178, 49377, 49414, 49415, 49487, 49721, 49991]

