Relatório de Análise de Algoritmos de Ordenação

Base de dados selecionada com tamanho 500, Com Duplicidade e Aleatório.

Caminho do arquivo: dados\500\Com Duplicidade\Aleatório\dtaleat500dup0.txt

Base de dados original: [28914, 45853, 32171, 29740, 4723, 43301, 518, 30803, 32617, 41812, 2013, 4920, 34822, 43655, 18785, 40062, 6033, 10605, 32180, 18148, 46121, 27525, 6282, 26620, 27042, 19192, 45831, 20739, 41543, 33001, 21585, 17216, 19247, 36164, 23541, 34792, 19596, 7905, 33521, 8417, 158, 45811, 38910, 3578, 20096, 39240, 512, 7035, 36996, 28978, 36577, 24983, 36329, 5232, 4322, 42323, 4620, 44589, 2066, 5833, 46664, 12663, 10114, 28205, 37759, 7469, 28349, 24600, 25863, 31885, 28930, 5489, 2902, 13126, 35791, 29584, 45137, 46933, 31699, 1344, 44975, 31986, 25021, 27959, 2345, 33637, 36479, 18208, 4229, 35120, 25413, 43511, 17712, 38698, 29415, 32234, 24774, 26868, 39893, 35657, 49588, 1290, 45333, 14669, 48503, 30041, 40014, 12643, 42798, 28177, 9221, 24947, 6499, 35132, 12735, 25593, 557, 34032, 45328, 29569, 30940, 316, 1670, 40183, 22444, 16926, 18817, 11913, 10014, 8657, 17987, 11357, 37320, 2577, 3604, 15339, 39650, 18328, 43164, 7271, 42118, 14043, 23545, 48687, 5016, 25378, 23372, 44727, 1916, 21279, 3838, 5882, 39195, 17125, 37209, 18253, 20140, 10291, 47578, 13170, 48783, 24851, 38572, 48462, 2236, 42454, 28098, 15965, 48233, 10194, 16202, 17624, 26666, 20139, 46935, 41151, 23444, 39074, 9451, 7317, 18316, 1659, 40863, 11871, 31638, 879, 1135, 43103, 21712, 38654, 13887, 40311, 9364, 10203, 8478, 44915, 4426, 12384, 15154, 32569, 37626, 39224, 37163, 26479, 14068, 18061, 34857, 16825, 44319, 4291, 24341, 896, 23489, 35097, 16829, 42461, 8296, 34588, 9986, 23888, 17822, 43960, 15081, 12949, 20835, 515, 40508, 24451, 4829, 945, 30107, 24930, 30866, 9804, 23529, 3723, 23086, 16814, 721, 21072, 5388, 22972, 43957, 19613, 28112, 46238, 12423, 19430, 16396, 30643, 45432, 21163, 42240, 23621, 45714, 16384, 3691, 2234, 15921, 46800, 49859, 3237, 36493, 36427, 27918, 45525, 6466, 41, 12659, 6862, 32204, 38662, 43360, 40433, 46453, 46170, 41368, 49412, 9440, 14203, 34646, 178, 49805, 42469, 23485, 9482, 39128, 417, 43790, 23056, 32326, 47414, 14355, 24461, 9611, 39787, 4565, 24596, 42360, 23768, 2564, 28005, 31456, 43185, 45203, 45974, 9973, 39504, 24245, 10034, 255, 731, 43500, 199, 14616, 13439, 15999, 26454, 12256, 24051, 34934, 6968, 38933, 512, 27645, 44169, 19222, 35714, 31101, 35524, 40268, 47313, 19421, 9167, 25, 33066, 46521, 16808, 49782, 26150, 35319, 21175, 42436, 20700, 26909, 48873, 4413, 31539, 12554, 18689, 47819, 41217, 24634, 31007, 35699, 26488, 24202, 7543, 36122, 34528, 25262, 14705, 31264, 19999, 45165, 17223, 32880, 19696, 29384, 47815, 41452, 3755, 11402, 42946, 46554, 14931, 26339, 5275, 3511, 3966, 40672, 16384, 42153, 35607, 31990, 16385, 16610, 17386, 34513, 10930, 22842, 19406, 32608, 8475, 36556, 30470, 10427, 19267, 5102, 31768, 38231, 15158, 31318, 11589, 2639, 9435, 1304, 39357, 15315, 43854, 5383, 18977, 16488, 26013, 318, 42484, 14682, 95, 3021, 37460, 29033, 19812, 24907, 26717, 2278, 25414, 49728, 15841, 48552, 39954, 35736, 24301, 27, 8729, 16357, 18074, 48684, 43909, 15695, 9018, 16835, 38104, 15562, 27474, 33113, 24851, 39773, 37170, 7899, 42896, 20661, 39822, 9619, 49618, 8360, 13397, 1235, 42703, 28523, 14898, 19637, 23694, 25132, 20614, 12114, 36850, 1094, 23030, 10147, 37928, 44071, 41562, 33784, 3508, 26470, 18758, 42878, 11913, 20083, 45511, 17598, 2175, 16096, 2161, 37531, 20131, 40922, 37006, 48621, 5556, 25670, 19263, 12327, 21670, 11175, 12291, 10146, 42475, 13250, 46853]

Algoritmo: Algoritmo: Bubble Sort
Número de comparações: 124750
Número de trocas de posição: 62879
Tempo (em segundos): 0,095000

Base de dados ordenada: [25, 27, 41, 95, 158, 178, 199, 255, 316, 318, 417, 512, 512, 515, 518, 557, 721, 731, 879, 896, 945, 1094, 1135, 1235, 1290, 1304, 1344, 1659, 1670, 1916, 2013, 2066, 2161, 2175, 2234, 2236, 2278, 2345, 2564, 2577, 2639, 2902, 3021, 3237, 3508, 3511, 3578, 3604, 3691, 3723, 3755, 3838, 3966, 4229, 4291, 4322, 4413, 4426, 4565, 4620, 4723, 4829, 4920, 5016, 5102, 5232, 5275, 5383, 5388, 5489, 5556, 5833, 5882, 6033, 6282, 6466, 6499, 6862, 6968, 7035, 7271, 7317, 7469, 7543, 7899, 7905, 8296, 8360, 8417, 8475, 8478, 8657, 8729, 9018, 9167, 9221, 9364, 9435, 9440, 9451, 9482, 9611, 9619, 9804, 9973, 9986, 10014, 10034, 10114, 10146, 10147, 10194, 10203, 10291, 10427, 10605, 10930, 11175, 11357, 11402, 11589, 11871, 11913, 11913, 12114, 12256, 12291, 12327, 12384, 12423, 12554, 12643, 12659, 12663, 12735, 12949, 13126, 13170, 13250, 13397, 13439, 13887, 14043, 14068, 14203, 14355, 14616, 14669, 14682, 14705, 14898, 14931, 15081, 15154, 15158, 15315, 15339, 15562, 15695, 15841, 15921, 15965, 15999, 16096, 16202, 16357, 16384, 16384, 16385, 16396, 16488, 16610, 16808, 16814, 16825, 16829, 16835, 16926, 17125, 17216, 17223, 17386, 17598, 17624, 17712, 17822, 17987, 18061, 18074, 18148, 18208, 18253, 18316, 18328, 18689, 18758, 18785, 18817, 18977, 19192, 19222, 19247, 19263, 19267, 19406, 19421, 19430, 19596, 19613, 19637, 19696, 19812, 19999, 20083, 20096, 20131, 20139, 20140, 20614, 20661, 20700, 20739, 20835, 21072, 21163, 21175, 21279, 21585, 21670, 21712, 22444, 22842, 22972, 23030, 23056, 23086, 23372, 23444, 23485, 23489, 23529, 23541, 23545, 23621, 23694, 23768, 23888, 24051, 24202, 24245, 24301, 24341, 24451, 24461, 24596, 24600, 24634, 24774, 24851, 24851, 24907, 24930, 24947, 24983, 25021, 25132, 25262, 25378, 25413, 25414, 25593, 25670, 25863, 26013, 26150, 26339, 26454, 26470, 26479, 26488, 26620, 26666, 26717, 26868, 26909, 27042, 27474, 27525, 27645, 27918, 27959, 28005, 28098, 28112, 28177, 28205, 28349, 28523, 28914, 28930, 28978, 29033, 29384, 29415, 29569, 29584, 29740, 30041, 30107, 30470, 30643, 30803, 30866, 30940, 31007, 31101, 31264, 31318, 31456, 31539, 31638, 31699, 31768, 31885, 31986, 31990, 32171, 32180, 32204, 32234, 32326, 32569, 32608, 32617, 32880, 33001, 33066, 33113, 33521, 33637, 33784, 34032, 34513, 34528, 34588, 34646, 34792, 34822, 34857, 34934, 35097, 35120, 35132, 35319, 35524, 35607, 35657, 35699, 35714, 35736, 35791, 36122, 36164, 36329, 36427, 36479, 36493, 36556, 36577, 36850, 36996, 37006, 37163, 37170, 37209, 37320, 37460, 37531, 37626, 37759, 37928, 38104, 38231, 38572, 38654, 38662, 38698, 38910, 38933, 39074, 39128, 39195, 39224, 39240, 39357, 39504, 39650, 39773, 39787, 39822, 39893, 39954, 40014, 40062, 40183, 40268, 40311, 40433, 40508, 40672, 40863, 40922, 41151, 41217, 41368, 41452, 41543, 41562, 41812, 42118, 42153, 42240, 42323, 42360, 42436, 42454, 42461, 42469, 42475, 42484, 42703, 42798, 42878, 42896, 42946, 43103, 43164, 43185, 43301, 43360, 43500, 43511, 43655, 43790, 43854, 43909, 43957, 43960, 44071, 44169, 44319, 44589, 44727, 44915, 44975, 45137, 45165, 45203, 45328, 45333, 45432, 45511, 45525, 45714, 45811, 45831, 45853, 45974, 46121, 46170, 46238, 46453, 46521, 46554, 46664, 46800, 46853, 46933, 46935, 47313, 47414, 47578, 47815, 47819, 48233, 48462, 48503, 48552, 48621, 48684, 48687, 48783, 48873, 49412, 49588, 49618, 49728, 49782, 49805, 49859]

Algoritmo: Algoritmo: Merge Sort
Número de comparações: 127022
Número de trocas de posição: 65151
Tempo (em segundos): 0,079000

Base de dados ordenada: [25, 27, 41, 95, 158, 178, 199, 255, 316, 318, 417, 512, 512, 515, 518, 557, 721, 731, 879, 896, 945, 1094, 1135, 1235, 1290, 1304, 1344, 1659, 1670, 1916, 2013, 2066, 2161, 2175, 2234, 2236, 2278, 2345, 2564, 2577, 2639, 2902, 3021, 3237, 3508, 3511, 3578, 3604, 3691, 3723, 3755, 3838, 3966, 4229, 4291, 4322, 4413, 4426, 4565, 4620, 4723, 4829, 4920, 5016, 5102, 5232, 5275, 5383, 5388, 5489, 5556, 5833, 5882, 6033, 6282, 6466, 6499, 6862, 6968, 7035, 7271, 7317, 7469, 7543, 7899, 7905, 8296, 8360, 8417, 8475, 8478, 8657, 8729, 9018, 9167, 9221, 9364, 9435, 9440, 9451, 9482, 9611, 9619, 9804, 9973, 9986, 10014, 10034, 10114, 10146, 10147, 10194, 10203, 10291, 10427, 10605, 10930, 11175, 11357, 11402, 11589, 11871, 11913, 11913, 12114, 12256, 12291, 12327, 12384, 12423, 12554, 12643, 12659, 12663, 12735, 12949, 13126, 13170, 13250, 13397, 13439, 13887, 14043, 14068, 14203, 14355, 14616, 14669, 14682, 14705, 14898, 14931, 15081, 15154, 15158, 15315, 15339, 15562, 15695, 15841, 15921, 15965, 15999, 16096, 16202, 16357, 16384, 16384, 16385, 16396, 16488, 16610, 16808, 16814, 16825, 16829, 16835, 16926, 17125, 17216, 17223, 17386, 17598, 17624, 17712, 17822, 17987, 18061, 18074, 18148, 18208, 18253, 18316, 18328, 18689, 18758, 18785, 18817, 18977, 19192, 19222, 19247, 19263, 19267, 19406, 19421, 19430, 19596, 19613, 19637, 19696, 19812, 19999, 20083, 20096, 20131, 20139, 20140, 20614, 20661, 20700, 20739, 20835, 21072, 21163, 21175, 21279, 21585, 21670, 21712, 22444, 22842, 22972, 23030, 23056, 23086, 23372, 23444, 23485, 23489, 23529, 23541, 23545, 23621, 23694, 23768, 23888, 24051, 24202, 24245, 24301, 24341, 24451, 24461, 24596, 24600, 24634, 24774, 24851, 24851, 24907, 24930, 24947, 24983, 25021, 25132, 25262, 25378, 25413, 25414, 25593, 25670, 25863, 26013, 26150, 26339, 26454, 26470, 26479, 26488, 26620, 26666, 26717, 26868, 26909, 27042, 27474, 27525, 27645, 27918, 27959, 28005, 28098, 28112, 28177, 28205, 28349, 28523, 28914, 28930, 28978, 29033, 29384, 29415, 29569, 29584, 29740, 30041, 30107, 30470, 30643, 30803, 30866, 30940, 31007, 31101, 31264, 31318, 31456, 31539, 31638, 31699, 31768, 31885, 31986, 31990, 32171, 32180, 32204, 32234, 32326, 32569, 32608, 32617, 32880, 33001, 33066, 33113, 33521, 33637, 33784, 34032, 34513, 34528, 34588, 34646, 34792, 34822, 34857, 34934, 35097, 35120, 35132, 35319, 35524, 35607, 35657, 35699, 35714, 35736, 35791, 36122, 36164, 36329, 36427, 36479, 36493, 36556, 36577, 36850, 36996, 37006, 37163, 37170, 37209, 37320, 37460, 37531, 37626, 37759, 37928, 38104, 38231, 38572, 38654, 38662, 38698, 38910, 38933, 39074, 39128, 39195, 39224, 39240, 39357, 39504, 39650, 39773, 39787, 39822, 39893, 39954, 40014, 40062, 40183, 40268, 40311, 40433, 40508, 40672, 40863, 40922, 41151, 41217, 41368, 41452, 41543, 41562, 41812, 42118, 42153, 42240, 42323, 42360, 42436, 42454, 42461, 42469, 42475, 42484, 42703, 42798, 42878, 42896, 42946, 43103, 43164, 43185, 43301, 43360, 43500, 43511, 43655, 43790, 43854, 43909, 43957, 43960, 44071, 44169, 44319, 44589, 44727, 44915, 44975, 45137, 45165, 45203, 45328, 45333, 45432, 45511, 45525, 45714, 45811, 45831, 45853, 45974, 46121, 46170, 46238, 46453, 46521, 46554, 46664, 46800, 46853, 46933, 46935, 47313, 47414, 47578, 47815, 47819, 48233, 48462, 48503, 48552, 48621, 48684, 48687, 48783, 48873, 49412, 49588, 49618, 49728, 49782, 49805, 49859]

Algoritmo: Algoritmo: Quick Sort
Número de comparações: 130521
Número de trocas de posição: 70204
Tempo (em segundos): 0,099000

Base de dados ordenada: [25, 27, 41, 95, 158, 178, 199, 255, 316, 318, 417, 512, 512, 515, 518, 557, 721, 731, 879, 896, 945, 1094, 1135, 1235, 1290, 1304, 1344, 1659, 1670, 1916, 2013, 2066, 2161, 2175, 2234, 2236, 2278, 2345, 2564, 2577, 2639, 2902, 3021, 3237, 3508, 3511, 3578, 3604, 3691, 3723, 3755, 3838, 3966, 4229, 4291, 4322, 4413, 4426, 4565, 4620, 4723, 4829, 4920, 5016, 5102, 5232, 5275, 5383, 5388, 5489, 5556, 5833, 5882, 6033, 6282, 6466, 6499, 6862, 6968, 7035, 7271, 7317, 7469, 7543, 7899, 7905, 8296, 8360, 8417, 8475, 8478, 8657, 8729, 9018, 9167, 9221, 9364, 9435, 9440, 9451, 9482, 9611, 9619, 9804, 9973, 9986, 10014, 10034, 10114, 10146, 10147, 10194, 10203, 10291, 10427, 10605, 10930, 11175, 11357, 11402, 11589, 11871, 11913, 11913, 12114, 12256, 12291, 12327, 12384, 12423, 12554, 12643, 12659, 12663, 12735, 12949, 13126, 13170, 13250, 13397, 13439, 13887, 14043, 14068, 14203, 14355, 14616, 14669, 14682, 14705, 14898, 14931, 15081, 15154, 15158, 15315, 15339, 15562, 15695, 15841, 15921, 15965, 15999, 16096, 16202, 16357, 16384, 16384, 16385, 16396, 16488, 16610, 16808, 16814, 16825, 16829, 16835, 16926, 17125, 17216, 17223, 17386, 17598, 17624, 17712, 17822, 17987, 18061, 18074, 18148, 18208, 18253, 18316, 18328, 18689, 18758, 18785, 18817, 18977, 19192, 19222, 19247, 19263, 19267, 19406, 19421, 19430, 19596, 19613, 19637, 19696, 19812, 19999, 20083, 20096, 20131, 20139, 20140, 20614, 20661, 20700, 20739, 20835, 21072, 21163, 21175, 21279, 21585, 21670, 21712, 22444, 22842, 22972, 23030, 23056, 23086, 23372, 23444, 23485, 23489, 23529, 23541, 23545, 23621, 23694, 23768, 23888, 24051, 24202, 24245, 24301, 24341, 24451, 24461, 24596, 24600, 24634, 24774, 24851, 24851, 24907, 24930, 24947, 24983, 25021, 25132, 25262, 25378, 25413, 25414, 25593, 25670, 25863, 26013, 26150, 26339, 26454, 26470, 26479, 26488, 26620, 26666, 26717, 26868, 26909, 27042, 27474, 27525, 27645, 27918, 27959, 28005, 28098, 28112, 28177, 28205, 28349, 28523, 28914, 28930, 28978, 29033, 29384, 29415, 29569, 29584, 29740, 30041, 30107, 30470, 30643, 30803, 30866, 30940, 31007, 31101, 31264, 31318, 31456, 31539, 31638, 31699, 31768, 31885, 31986, 31990, 32171, 32180, 32204, 32234, 32326, 32569, 32608, 32617, 32880, 33001, 33066, 33113, 33521, 33637, 33784, 34032, 34513, 34528, 34588, 34646, 34792, 34822, 34857, 34934, 35097, 35120, 35132, 35319, 35524, 35607, 35657, 35699, 35714, 35736, 35791, 36122, 36164, 36329, 36427, 36479, 36493, 36556, 36577, 36850, 36996, 37006, 37163, 37170, 37209, 37320, 37460, 37531, 37626, 37759, 37928, 38104, 38231, 38572, 38654, 38662, 38698, 38910, 38933, 39074, 39128, 39195, 39224, 39240, 39357, 39504, 39650, 39773, 39787, 39822, 39893, 39954, 40014, 40062, 40183, 40268, 40311, 40433, 40508, 40672, 40863, 40922, 41151, 41217, 41368, 41452, 41543, 41562, 41812, 42118, 42153, 42240, 42323, 42360, 42436, 42454, 42461, 42469, 42475, 42484, 42703, 42798, 42878, 42896, 42946, 43103, 43164, 43185, 43301, 43360, 43500, 43511, 43655, 43790, 43854, 43909, 43957, 43960, 44071, 44169, 44319, 44589, 44727, 44915, 44975, 45137, 45165, 45203, 45328, 45333, 45432, 45511, 45525, 45714, 45811, 45831, 45853, 45974, 46121, 46170, 46238, 46453, 46521, 46554, 46664, 46800, 46853, 46933, 46935, 47313, 47414, 47578, 47815, 47819, 48233, 48462, 48503, 48552, 48621, 48684, 48687, 48783, 48873, 49412, 49588, 49618, 49728, 49782, 49805, 49859]

