Relatório de Análise de Algoritmos de Ordenação

Base de dados selecionada com tamanho 500, Sem Duplicidade e Aleatório.

Caminho do arquivo: dados\500\Sem Duplicidade\Aleatório\dtaleat500uni0.txt

Base de dados original: [38786, 45843, 2956, 14298, 9752, 42924, 896, 20034, 23270, 22449, 43696, 19199, 49721, 38685, 23719, 36211, 29911, 7025, 38909, 37176, 21380, 10865, 43502, 25152, 47446, 22507, 11746, 4297, 4783, 22577, 17163, 28814, 41670, 10368, 15493, 43256, 18515, 20131, 11042, 17321, 12543, 18790, 3407, 22642, 45992, 46816, 10830, 4719, 41876, 33515, 25555, 7836, 34246, 42889, 8044, 45530, 40753, 28012, 20152, 10997, 11350, 16216, 10598, 27440, 3755, 39988, 49487, 18964, 22936, 43849, 14214, 6083, 42036, 47992, 44568, 16595, 13784, 19810, 25906, 34901, 3536, 44132, 9032, 47983, 45114, 15488, 41530, 835, 31364, 11538, 34742, 4050, 22139, 40793, 7002, 26423, 18068, 8014, 48856, 46210, 3292, 39971, 1193, 35900, 30284, 39568, 30389, 20729, 36842, 18676, 1775, 40277, 4454, 3258, 2875, 21880, 17139, 402, 15950, 23104, 4487, 31196, 38281, 46011, 24036, 21503, 40244, 25251, 4715, 22584, 17311, 36046, 20851, 18483, 18384, 3944, 2477, 8828, 7302, 38642, 35622, 20493, 5342, 6562, 10702, 38368, 14513, 48608, 34377, 49414, 8277, 48401, 28421, 202, 7039, 38558, 49377, 9699, 46863, 3979, 34465, 22210, 24593, 33840, 21160, 17202, 48899, 21013, 46153, 25722, 21484, 22119, 19603, 26715, 4840, 47160, 36225, 16156, 24873, 48892, 2690, 38337, 24054, 3888, 6095, 30576, 35979, 31938, 45675, 46094, 17905, 16600, 17240, 38658, 49415, 11421, 36117, 7351, 2056, 6644, 31342, 12908, 10710, 13029, 13031, 29581, 20909, 32590, 28661, 37573, 25228, 1605, 40878, 49991, 32757, 35677, 14449, 1082, 43480, 12818, 6692, 8767, 40206, 30489, 43798, 34714, 323, 34502, 28719, 3906, 8045, 19048, 14585, 40184, 23652, 41810, 26482, 7024, 22964, 12174, 14780, 47526, 22466, 21869, 40933, 6338, 21553, 46611, 42885, 5594, 23490, 41825, 37577, 2737, 1738, 38603, 2170, 42794, 4957, 43961, 8346, 21274, 42959, 8034, 20278, 9830, 14077, 29480, 2684, 5791, 14564, 13853, 5877, 13274, 16784, 753, 24934, 14715, 25908, 44886, 16687, 18239, 6635, 6052, 9172, 7162, 12830, 42616, 48280, 1532, 29132, 43078, 5049, 23535, 35236, 2630, 46170, 47515, 7941, 8785, 44417, 5672, 29609, 34168, 24609, 40930, 38896, 29028, 22764, 35578, 2637, 12877, 32093, 9211, 5947, 16722, 10571, 17971, 28002, 32580, 3828, 2050, 12225, 12245, 48406, 16783, 35891, 7255, 34808, 43498, 36767, 18574, 36774, 17432, 41614, 21986, 8266, 900, 34506, 4394, 17367, 17239, 15788, 47198, 36194, 44168, 12293, 23074, 18546, 9655, 7174, 48699, 43620, 33654, 42815, 20373, 44737, 41886, 44205, 45231, 2804, 11138, 17974, 45384, 43935, 15752, 10398, 19592, 38448, 15534, 14955, 26143, 41186, 13414, 23363, 36661, 5075, 17568, 1142, 41664, 24578, 13970, 29525, 17671, 29849, 5741, 5080, 20676, 49178, 28188, 48624, 2119, 43786, 23539, 14439, 24985, 35287, 39515, 43478, 29768, 6537, 38103, 31479, 32835, 33980, 2832, 39130, 23065, 43171, 16022, 12665, 19250, 47376, 14213, 37167, 48576, 46911, 19330, 22790, 45763, 29853, 8051, 20445, 9814, 19508, 23648, 29498, 22166, 19748, 41889, 35191, 2507, 18163, 17065, 22087, 46422, 33333, 36647, 29019, 6573, 3297, 35166, 33020, 42574, 2683, 30754, 15795, 33078, 20598, 47908, 8996, 35621, 35159, 29710, 15158, 36803, 6667, 22632, 20293, 19485, 36140, 582, 12411, 1892, 23607, 32295, 39432, 8635, 12618, 927, 41845, 16107, 8734, 18554, 29075, 15231, 10819, 13794, 8214, 38349, 1867, 29497, 27889, 41904, 29855, 30172, 14076, 11068, 44557, 20427, 33421, 47357, 15260, 47494, 21260, 20146, 31495, 26484, 20184, 35449]

Algoritmo: Algoritmo: Bubble Sort
Número de comparações: 124750
Número de trocas de posição: 61981
Tempo (em segundos): 0,078000

Base de dados ordenada: [202, 323, 402, 582, 753, 835, 896, 900, 927, 1082, 1142, 1193, 1532, 1605, 1738, 1775, 1867, 1892, 2050, 2056, 2119, 2170, 2477, 2507, 2630, 2637, 2683, 2684, 2690, 2737, 2804, 2832, 2875, 2956, 3258, 3292, 3297, 3407, 3536, 3755, 3828, 3888, 3906, 3944, 3979, 4050, 4297, 4394, 4454, 4487, 4715, 4719, 4783, 4840, 4957, 5049, 5075, 5080, 5342, 5594, 5672, 5741, 5791, 5877, 5947, 6052, 6083, 6095, 6338, 6537, 6562, 6573, 6635, 6644, 6667, 6692, 7002, 7024, 7025, 7039, 7162, 7174, 7255, 7302, 7351, 7836, 7941, 8014, 8034, 8044, 8045, 8051, 8214, 8266, 8277, 8346, 8635, 8734, 8767, 8785, 8828, 8996, 9032, 9172, 9211, 9655, 9699, 9752, 9814, 9830, 10368, 10398, 10571, 10598, 10702, 10710, 10819, 10830, 10865, 10997, 11042, 11068, 11138, 11350, 11421, 11538, 11746, 12174, 12225, 12245, 12293, 12411, 12543, 12618, 12665, 12818, 12830, 12877, 12908, 13029, 13031, 13274, 13414, 13784, 13794, 13853, 13970, 14076, 14077, 14213, 14214, 14298, 14439, 14449, 14513, 14564, 14585, 14715, 14780, 14955, 15158, 15231, 15260, 15488, 15493, 15534, 15752, 15788, 15795, 15950, 16022, 16107, 16156, 16216, 16595, 16600, 16687, 16722, 16783, 16784, 17065, 17139, 17163, 17202, 17239, 17240, 17311, 17321, 17367, 17432, 17568, 17671, 17905, 17971, 17974, 18068, 18163, 18239, 18384, 18483, 18515, 18546, 18554, 18574, 18676, 18790, 18964, 19048, 19199, 19250, 19330, 19485, 19508, 19592, 19603, 19748, 19810, 20034, 20131, 20146, 20152, 20184, 20278, 20293, 20373, 20427, 20445, 20493, 20598, 20676, 20729, 20851, 20909, 21013, 21160, 21260, 21274, 21380, 21484, 21503, 21553, 21869, 21880, 21986, 22087, 22119, 22139, 22166, 22210, 22449, 22466, 22507, 22577, 22584, 22632, 22642, 22764, 22790, 22936, 22964, 23065, 23074, 23104, 23270, 23363, 23490, 23535, 23539, 23607, 23648, 23652, 23719, 24036, 24054, 24578, 24593, 24609, 24873, 24934, 24985, 25152, 25228, 25251, 25555, 25722, 25906, 25908, 26143, 26423, 26482, 26484, 26715, 27440, 27889, 28002, 28012, 28188, 28421, 28661, 28719, 28814, 29019, 29028, 29075, 29132, 29480, 29497, 29498, 29525, 29581, 29609, 29710, 29768, 29849, 29853, 29855, 29911, 30172, 30284, 30389, 30489, 30576, 30754, 31196, 31342, 31364, 31479, 31495, 31938, 32093, 32295, 32580, 32590, 32757, 32835, 33020, 33078, 33333, 33421, 33515, 33654, 33840, 33980, 34168, 34246, 34377, 34465, 34502, 34506, 34714, 34742, 34808, 34901, 35159, 35166, 35191, 35236, 35287, 35449, 35578, 35621, 35622, 35677, 35891, 35900, 35979, 36046, 36117, 36140, 36194, 36211, 36225, 36647, 36661, 36767, 36774, 36803, 36842, 37167, 37176, 37573, 37577, 38103, 38281, 38337, 38349, 38368, 38448, 38558, 38603, 38642, 38658, 38685, 38786, 38896, 38909, 39130, 39432, 39515, 39568, 39971, 39988, 40184, 40206, 40244, 40277, 40753, 40793, 40878, 40930, 40933, 41186, 41530, 41614, 41664, 41670, 41810, 41825, 41845, 41876, 41886, 41889, 41904, 42036, 42574, 42616, 42794, 42815, 42885, 42889, 42924, 42959, 43078, 43171, 43256, 43478, 43480, 43498, 43502, 43620, 43696, 43786, 43798, 43849, 43935, 43961, 44132, 44168, 44205, 44417, 44557, 44568, 44737, 44886, 45114, 45231, 45384, 45530, 45675, 45763, 45843, 45992, 46011, 46094, 46153, 46170, 46210, 46422, 46611, 46816, 46863, 46911, 47160, 47198, 47357, 47376, 47446, 47494, 47515, 47526, 47908, 47983, 47992, 48280, 48401, 48406, 48576, 48608, 48624, 48699, 48856, 48892, 48899, 49178, 49377, 49414, 49415, 49487, 49721, 49991]

Algoritmo: Algoritmo: Merge Sort
Número de comparações: 127022
Número de trocas de posição: 64253
Tempo (em segundos): 0,094000

Base de dados ordenada: [202, 323, 402, 582, 753, 835, 896, 900, 927, 1082, 1142, 1193, 1532, 1605, 1738, 1775, 1867, 1892, 2050, 2056, 2119, 2170, 2477, 2507, 2630, 2637, 2683, 2684, 2690, 2737, 2804, 2832, 2875, 2956, 3258, 3292, 3297, 3407, 3536, 3755, 3828, 3888, 3906, 3944, 3979, 4050, 4297, 4394, 4454, 4487, 4715, 4719, 4783, 4840, 4957, 5049, 5075, 5080, 5342, 5594, 5672, 5741, 5791, 5877, 5947, 6052, 6083, 6095, 6338, 6537, 6562, 6573, 6635, 6644, 6667, 6692, 7002, 7024, 7025, 7039, 7162, 7174, 7255, 7302, 7351, 7836, 7941, 8014, 8034, 8044, 8045, 8051, 8214, 8266, 8277, 8346, 8635, 8734, 8767, 8785, 8828, 8996, 9032, 9172, 9211, 9655, 9699, 9752, 9814, 9830, 10368, 10398, 10571, 10598, 10702, 10710, 10819, 10830, 10865, 10997, 11042, 11068, 11138, 11350, 11421, 11538, 11746, 12174, 12225, 12245, 12293, 12411, 12543, 12618, 12665, 12818, 12830, 12877, 12908, 13029, 13031, 13274, 13414, 13784, 13794, 13853, 13970, 14076, 14077, 14213, 14214, 14298, 14439, 14449, 14513, 14564, 14585, 14715, 14780, 14955, 15158, 15231, 15260, 15488, 15493, 15534, 15752, 15788, 15795, 15950, 16022, 16107, 16156, 16216, 16595, 16600, 16687, 16722, 16783, 16784, 17065, 17139, 17163, 17202, 17239, 17240, 17311, 17321, 17367, 17432, 17568, 17671, 17905, 17971, 17974, 18068, 18163, 18239, 18384, 18483, 18515, 18546, 18554, 18574, 18676, 18790, 18964, 19048, 19199, 19250, 19330, 19485, 19508, 19592, 19603, 19748, 19810, 20034, 20131, 20146, 20152, 20184, 20278, 20293, 20373, 20427, 20445, 20493, 20598, 20676, 20729, 20851, 20909, 21013, 21160, 21260, 21274, 21380, 21484, 21503, 21553, 21869, 21880, 21986, 22087, 22119, 22139, 22166, 22210, 22449, 22466, 22507, 22577, 22584, 22632, 22642, 22764, 22790, 22936, 22964, 23065, 23074, 23104, 23270, 23363, 23490, 23535, 23539, 23607, 23648, 23652, 23719, 24036, 24054, 24578, 24593, 24609, 24873, 24934, 24985, 25152, 25228, 25251, 25555, 25722, 25906, 25908, 26143, 26423, 26482, 26484, 26715, 27440, 27889, 28002, 28012, 28188, 28421, 28661, 28719, 28814, 29019, 29028, 29075, 29132, 29480, 29497, 29498, 29525, 29581, 29609, 29710, 29768, 29849, 29853, 29855, 29911, 30172, 30284, 30389, 30489, 30576, 30754, 31196, 31342, 31364, 31479, 31495, 31938, 32093, 32295, 32580, 32590, 32757, 32835, 33020, 33078, 33333, 33421, 33515, 33654, 33840, 33980, 34168, 34246, 34377, 34465, 34502, 34506, 34714, 34742, 34808, 34901, 35159, 35166, 35191, 35236, 35287, 35449, 35578, 35621, 35622, 35677, 35891, 35900, 35979, 36046, 36117, 36140, 36194, 36211, 36225, 36647, 36661, 36767, 36774, 36803, 36842, 37167, 37176, 37573, 37577, 38103, 38281, 38337, 38349, 38368, 38448, 38558, 38603, 38642, 38658, 38685, 38786, 38896, 38909, 39130, 39432, 39515, 39568, 39971, 39988, 40184, 40206, 40244, 40277, 40753, 40793, 40878, 40930, 40933, 41186, 41530, 41614, 41664, 41670, 41810, 41825, 41845, 41876, 41886, 41889, 41904, 42036, 42574, 42616, 42794, 42815, 42885, 42889, 42924, 42959, 43078, 43171, 43256, 43478, 43480, 43498, 43502, 43620, 43696, 43786, 43798, 43849, 43935, 43961, 44132, 44168, 44205, 44417, 44557, 44568, 44737, 44886, 45114, 45231, 45384, 45530, 45675, 45763, 45843, 45992, 46011, 46094, 46153, 46170, 46210, 46422, 46611, 46816, 46863, 46911, 47160, 47198, 47357, 47376, 47446, 47494, 47515, 47526, 47908, 47983, 47992, 48280, 48401, 48406, 48576, 48608, 48624, 48699, 48856, 48892, 48899, 49178, 49377, 49414, 49415, 49487, 49721, 49991]

Algoritmo: Algoritmo: Quick Sort
Número de comparações: 130520
Número de trocas de posição: 69281
Tempo (em segundos): 0,111000

Base de dados ordenada: [202, 323, 402, 582, 753, 835, 896, 900, 927, 1082, 1142, 1193, 1532, 1605, 1738, 1775, 1867, 1892, 2050, 2056, 2119, 2170, 2477, 2507, 2630, 2637, 2683, 2684, 2690, 2737, 2804, 2832, 2875, 2956, 3258, 3292, 3297, 3407, 3536, 3755, 3828, 3888, 3906, 3944, 3979, 4050, 4297, 4394, 4454, 4487, 4715, 4719, 4783, 4840, 4957, 5049, 5075, 5080, 5342, 5594, 5672, 5741, 5791, 5877, 5947, 6052, 6083, 6095, 6338, 6537, 6562, 6573, 6635, 6644, 6667, 6692, 7002, 7024, 7025, 7039, 7162, 7174, 7255, 7302, 7351, 7836, 7941, 8014, 8034, 8044, 8045, 8051, 8214, 8266, 8277, 8346, 8635, 8734, 8767, 8785, 8828, 8996, 9032, 9172, 9211, 9655, 9699, 9752, 9814, 9830, 10368, 10398, 10571, 10598, 10702, 10710, 10819, 10830, 10865, 10997, 11042, 11068, 11138, 11350, 11421, 11538, 11746, 12174, 12225, 12245, 12293, 12411, 12543, 12618, 12665, 12818, 12830, 12877, 12908, 13029, 13031, 13274, 13414, 13784, 13794, 13853, 13970, 14076, 14077, 14213, 14214, 14298, 14439, 14449, 14513, 14564, 14585, 14715, 14780, 14955, 15158, 15231, 15260, 15488, 15493, 15534, 15752, 15788, 15795, 15950, 16022, 16107, 16156, 16216, 16595, 16600, 16687, 16722, 16783, 16784, 17065, 17139, 17163, 17202, 17239, 17240, 17311, 17321, 17367, 17432, 17568, 17671, 17905, 17971, 17974, 18068, 18163, 18239, 18384, 18483, 18515, 18546, 18554, 18574, 18676, 18790, 18964, 19048, 19199, 19250, 19330, 19485, 19508, 19592, 19603, 19748, 19810, 20034, 20131, 20146, 20152, 20184, 20278, 20293, 20373, 20427, 20445, 20493, 20598, 20676, 20729, 20851, 20909, 21013, 21160, 21260, 21274, 21380, 21484, 21503, 21553, 21869, 21880, 21986, 22087, 22119, 22139, 22166, 22210, 22449, 22466, 22507, 22577, 22584, 22632, 22642, 22764, 22790, 22936, 22964, 23065, 23074, 23104, 23270, 23363, 23490, 23535, 23539, 23607, 23648, 23652, 23719, 24036, 24054, 24578, 24593, 24609, 24873, 24934, 24985, 25152, 25228, 25251, 25555, 25722, 25906, 25908, 26143, 26423, 26482, 26484, 26715, 27440, 27889, 28002, 28012, 28188, 28421, 28661, 28719, 28814, 29019, 29028, 29075, 29132, 29480, 29497, 29498, 29525, 29581, 29609, 29710, 29768, 29849, 29853, 29855, 29911, 30172, 30284, 30389, 30489, 30576, 30754, 31196, 31342, 31364, 31479, 31495, 31938, 32093, 32295, 32580, 32590, 32757, 32835, 33020, 33078, 33333, 33421, 33515, 33654, 33840, 33980, 34168, 34246, 34377, 34465, 34502, 34506, 34714, 34742, 34808, 34901, 35159, 35166, 35191, 35236, 35287, 35449, 35578, 35621, 35622, 35677, 35891, 35900, 35979, 36046, 36117, 36140, 36194, 36211, 36225, 36647, 36661, 36767, 36774, 36803, 36842, 37167, 37176, 37573, 37577, 38103, 38281, 38337, 38349, 38368, 38448, 38558, 38603, 38642, 38658, 38685, 38786, 38896, 38909, 39130, 39432, 39515, 39568, 39971, 39988, 40184, 40206, 40244, 40277, 40753, 40793, 40878, 40930, 40933, 41186, 41530, 41614, 41664, 41670, 41810, 41825, 41845, 41876, 41886, 41889, 41904, 42036, 42574, 42616, 42794, 42815, 42885, 42889, 42924, 42959, 43078, 43171, 43256, 43478, 43480, 43498, 43502, 43620, 43696, 43786, 43798, 43849, 43935, 43961, 44132, 44168, 44205, 44417, 44557, 44568, 44737, 44886, 45114, 45231, 45384, 45530, 45675, 45763, 45843, 45992, 46011, 46094, 46153, 46170, 46210, 46422, 46611, 46816, 46863, 46911, 47160, 47198, 47357, 47376, 47446, 47494, 47515, 47526, 47908, 47983, 47992, 48280, 48401, 48406, 48576, 48608, 48624, 48699, 48856, 48892, 48899, 49178, 49377, 49414, 49415, 49487, 49721, 49991]

