Relatório de Análise de Algoritmos de Ordenação

Base de dados selecionada com tamanho 100, Sem Duplicidade e Aleatório.

Caminho do arquivo: dados\100\Sem Duplicidade\Aleatório\dtaleat100uni6.txt

Base de dados original: [8947, 8094, 1658, 4514, 7670, 9112, 328, 259, 6366, 5780, 8834, 800, 4939, 1600, 6824, 1797, 8875, 1237, 1191, 1363, 3800, 2480, 9074, 2189, 3954, 184, 3833, 4070, 9154, 8432, 2169, 2381, 722, 8551, 2293, 984, 6482, 6222, 7535, 2703, 825, 976, 1250, 9712, 3368, 1318, 5091, 6886, 737, 324, 744, 98, 3216, 6356, 4490, 3649, 3335, 9709, 3876, 3108, 3898, 9327, 5994, 9962, 8641, 1162, 4285, 2118, 1261, 5265, 7525, 5886, 3381, 518, 8898, 7089, 3010, 1003, 8718, 1444, 7278, 5883, 9008, 2987, 9354, 6829, 1232, 8906, 685, 228, 5254, 6710, 5527, 799, 4160, 4647, 9743, 3441, 8859, 4405]

Algoritmo: Algoritmo: Bubble Sort
Número de comparações: 4950
Número de trocas de posição: 2334
Tempo (em segundos): 0,006000

Base de dados ordenada: [98, 184, 228, 259, 324, 328, 518, 685, 722, 737, 744, 799, 800, 825, 976, 984, 1003, 1162, 1191, 1232, 1237, 1250, 1261, 1318, 1363, 1444, 1600, 1658, 1797, 2118, 2169, 2189, 2293, 2381, 2480, 2703, 2987, 3010, 3108, 3216, 3335, 3368, 3381, 3441, 3649, 3800, 3833, 3876, 3898, 3954, 4070, 4160, 4285, 4405, 4490, 4514, 4647, 4939, 5091, 5254, 5265, 5527, 5780, 5883, 5886, 5994, 6222, 6356, 6366, 6482, 6710, 6824, 6829, 6886, 7089, 7278, 7525, 7535, 7670, 8094, 8432, 8551, 8641, 8718, 8834, 8859, 8875, 8898, 8906, 8947, 9008, 9074, 9112, 9154, 9327, 9354, 9709, 9712, 9743, 9962]

Algoritmo: Algoritmo: Merge Sort
Número de comparações: 5306
Número de trocas de posição: 2690
Tempo (em segundos): 0,016000

Base de dados ordenada: [98, 184, 228, 259, 324, 328, 518, 685, 722, 737, 744, 799, 800, 825, 976, 984, 1003, 1162, 1191, 1232, 1237, 1250, 1261, 1318, 1363, 1444, 1600, 1658, 1797, 2118, 2169, 2189, 2293, 2381, 2480, 2703, 2987, 3010, 3108, 3216, 3335, 3368, 3381, 3441, 3649, 3800, 3833, 3876, 3898, 3954, 4070, 4160, 4285, 4405, 4490, 4514, 4647, 4939, 5091, 5254, 5265, 5527, 5780, 5883, 5886, 5994, 6222, 6356, 6366, 6482, 6710, 6824, 6829, 6886, 7089, 7278, 7525, 7535, 7670, 8094, 8432, 8551, 8641, 8718, 8834, 8859, 8875, 8898, 8906, 8947, 9008, 9074, 9112, 9154, 9327, 9354, 9709, 9712, 9743, 9962]

Algoritmo: Algoritmo: Quick Sort
Número de comparações: 5786
Número de trocas de posição: 3548
Tempo (em segundos): 0,016000

Base de dados ordenada: [98, 184, 228, 259, 324, 328, 518, 685, 722, 737, 744, 799, 800, 825, 976, 984, 1003, 1162, 1191, 1232, 1237, 1250, 1261, 1318, 1363, 1444, 1600, 1658, 1797, 2118, 2169, 2189, 2293, 2381, 2480, 2703, 2987, 3010, 3108, 3216, 3335, 3368, 3381, 3441, 3649, 3800, 3833, 3876, 3898, 3954, 4070, 4160, 4285, 4405, 4490, 4514, 4647, 4939, 5091, 5254, 5265, 5527, 5780, 5883, 5886, 5994, 6222, 6356, 6366, 6482, 6710, 6824, 6829, 6886, 7089, 7278, 7525, 7535, 7670, 8094, 8432, 8551, 8641, 8718, 8834, 8859, 8875, 8898, 8906, 8947, 9008, 9074, 9112, 9154, 9327, 9354, 9709, 9712, 9743, 9962]

