Relatório de Análise de Algoritmos de Ordenação

Base de dados selecionada com tamanho 500, Com Duplicidade e Convexo-CresceDescresce.

Caminho do arquivo: dados\500\Com Duplicidade\Convexo-CresceDescresce\dtconvx500dup9.txt

Base de dados original: [286, 424, 647, 672, 815, 1003, 1243, 1505, 1530, 1612, 1673, 2023, 2590, 2752, 2815, 3034, 3090, 3359, 3443, 3612, 3898, 4382, 4790, 5168, 5307, 5475, 5506, 5757, 6101, 6835, 7279, 7417, 7710, 7822, 7874, 8136, 8230, 8378, 8701, 8901, 9039, 9199, 9445, 9643, 9789, 10162, 10435, 10640, 10710, 10811, 11007, 11076, 11614, 11768, 11926, 12190, 12380, 12435, 12642, 12887, 13007, 13113, 13393, 13449, 13555, 13679, 14314, 14563, 14645, 14813, 14934, 15460, 15517, 15898, 16047, 16463, 16666, 16788, 16935, 16962, 17003, 17061, 17347, 17723, 17839, 17976, 18233, 18554, 18672, 18853, 18860, 19021, 19172, 19200, 19278, 19299, 19396, 19465, 19553, 20020, 20061, 20354, 20637, 20804, 20833, 21316, 21510, 21570, 21772, 21887, 22143, 22174, 22281, 22450, 22520, 23137, 23178, 23235, 23332, 23430, 23501, 23568, 23666, 23835, 23854, 24069, 24467, 25111, 25277, 25486, 25658, 25730, 25917, 26058, 26237, 26394, 26536, 26604, 27128, 27372, 27375, 27614, 27740, 27819, 27906, 28229, 28401, 28560, 28735, 28963, 29449, 29876, 30216, 30301, 30706, 31148, 31386, 31571, 31676, 31807, 31846, 31856, 31970, 32405, 32418, 32619, 32925, 33198, 33270, 33469, 33624, 33684, 34061, 34501, 34627, 34697, 35454, 35819, 36100, 36249, 36542, 36632, 36830, 37029, 37179, 37310, 37345, 37443, 37464, 37491, 37801, 37924, 38879, 38990, 39190, 39381, 39573, 39634, 39889, 40164, 40292, 40548, 40684, 40804, 40912, 41107, 41342, 41670, 41807, 41885, 42006, 42163, 42185, 42435, 42595, 42667, 42814, 42857, 43181, 43251, 43730, 43911, 44002, 44022, 44193, 44331, 44892, 45574, 45819, 46190, 46464, 46866, 46893, 46969, 47323, 47484, 47541, 47765, 48027, 48048, 48077, 48346, 48527, 48592, 48973, 49274, 49554, 49797, 49827, 49850, 49817, 49625, 49380, 49207, 48627, 48587, 48472, 48141, 48065, 48043, 47977, 47564, 47518, 47354, 47317, 46910, 46874, 46599, 46403, 46040, 45627, 45501, 44331, 44254, 44035, 44015, 43986, 43766, 43683, 43203, 42959, 42849, 42721, 42660, 42471, 42195, 42168, 42024, 41980, 41877, 41739, 41586, 41207, 40977, 40805, 40707, 40563, 40406, 40171, 40019, 39752, 39589, 39558, 39200, 39181, 38974, 38509, 37866, 37674, 37468, 37457, 37365, 37311, 37220, 37170, 36978, 36823, 36559, 36288, 36141, 35950, 35745, 35416, 34660, 34603, 34088, 33871, 33626, 33587, 33428, 33227, 33150, 32621, 32448, 32410, 32123, 31924, 31852, 31827, 31765, 31670, 31496, 31209, 30923, 30532, 30217, 29917, 29853, 29131, 28847, 28611, 28467, 28237, 28102, 27905, 27813, 27674, 27545, 27373, 27255, 26957, 26559, 26428, 26339, 26145, 26019, 25795, 25705, 25626, 25420, 25248, 24671, 24460, 23955, 23851, 23807, 23652, 23536, 23476, 23395, 23244, 23222, 23155, 22934, 22483, 22394, 22196, 22153, 21933, 21872, 21699, 21517, 21354, 21264, 20833, 20738, 20478, 20062, 20060, 19682, 19468, 19402, 19367, 19293, 19274, 19199, 19026, 18988, 18855, 18752, 18651, 18441, 18181, 17971, 17833, 17580, 17179, 17057, 16975, 16938, 16841, 16675, 16554, 16402, 16045, 15854, 15499, 15436, 14877, 14774, 14617, 14549, 14013, 13580, 13552, 13437, 13228, 13086, 12919, 12837, 12567, 12397, 12208, 12187, 11788, 11740, 11232, 11055, 10957, 10781, 10670, 10494, 10431, 10050, 9745, 9639, 9337, 9094, 8938, 8889, 8446, 8337, 8218, 7884, 7832, 7777, 7462, 7415, 7119, 6475, 5983, 5629, 5478, 5404, 5189, 5095, 4616, 3981, 3657, 3576, 3366, 3299, 3048, 2896, 2799, 2743, 2192, 1979, 1626, 1574, 1523, 1359, 1203, 914, 789, 656, 481, 294, 129]

Algoritmo: Algoritmo: Bubble Sort
Número de comparações: 124251
Número de trocas de posição: 62249
Tempo (em segundos): 0,094000

Base de dados ordenada: [129, 286, 294, 424, 481, 647, 656, 672, 789, 815, 914, 1003, 1203, 1243, 1359, 1505, 1523, 1530, 1574, 1612, 1626, 1673, 1979, 2023, 2192, 2590, 2743, 2752, 2799, 2815, 2896, 3034, 3048, 3090, 3299, 3359, 3366, 3443, 3576, 3612, 3657, 3898, 3981, 4382, 4616, 4790, 5095, 5168, 5189, 5307, 5404, 5475, 5478, 5506, 5629, 5757, 5983, 6101, 6475, 6835, 7119, 7279, 7415, 7417, 7462, 7710, 7777, 7822, 7832, 7874, 7884, 8136, 8218, 8230, 8337, 8378, 8446, 8701, 8889, 8901, 8938, 9039, 9094, 9199, 9337, 9445, 9639, 9643, 9745, 9789, 10050, 10162, 10431, 10435, 10494, 10640, 10670, 10710, 10781, 10811, 10957, 11007, 11055, 11076, 11232, 11614, 11740, 11768, 11788, 11926, 12187, 12190, 12208, 12380, 12397, 12435, 12567, 12642, 12837, 12887, 12919, 13007, 13086, 13113, 13228, 13393, 13437, 13449, 13552, 13555, 13580, 13679, 14013, 14314, 14549, 14563, 14617, 14645, 14774, 14813, 14877, 14934, 15436, 15460, 15499, 15517, 15854, 15898, 16045, 16047, 16402, 16463, 16554, 16666, 16675, 16788, 16841, 16935, 16938, 16962, 16975, 17003, 17057, 17061, 17179, 17347, 17580, 17723, 17833, 17839, 17971, 17976, 18181, 18233, 18441, 18554, 18651, 18672, 18752, 18853, 18855, 18860, 18988, 19021, 19026, 19172, 19199, 19200, 19274, 19278, 19293, 19299, 19367, 19396, 19402, 19465, 19468, 19553, 19682, 20020, 20060, 20061, 20062, 20354, 20478, 20637, 20738, 20804, 20833, 20833, 21264, 21316, 21354, 21510, 21517, 21570, 21699, 21772, 21872, 21887, 21933, 22143, 22153, 22174, 22196, 22281, 22394, 22450, 22483, 22520, 22934, 23137, 23155, 23178, 23222, 23235, 23244, 23332, 23395, 23430, 23476, 23501, 23536, 23568, 23652, 23666, 23807, 23835, 23851, 23854, 23955, 24069, 24460, 24467, 24671, 25111, 25248, 25277, 25420, 25486, 25626, 25658, 25705, 25730, 25795, 25917, 26019, 26058, 26145, 26237, 26339, 26394, 26428, 26536, 26559, 26604, 26957, 27128, 27255, 27372, 27373, 27375, 27545, 27614, 27674, 27740, 27813, 27819, 27905, 27906, 28102, 28229, 28237, 28401, 28467, 28560, 28611, 28735, 28847, 28963, 29131, 29449, 29853, 29876, 29917, 30216, 30217, 30301, 30532, 30706, 30923, 31148, 31209, 31386, 31496, 31571, 31670, 31676, 31765, 31807, 31827, 31846, 31852, 31856, 31924, 31970, 32123, 32405, 32410, 32418, 32448, 32619, 32621, 32925, 33150, 33198, 33227, 33270, 33428, 33469, 33587, 33624, 33626, 33684, 33871, 34061, 34088, 34501, 34603, 34627, 34660, 34697, 35416, 35454, 35745, 35819, 35950, 36100, 36141, 36249, 36288, 36542, 36559, 36632, 36823, 36830, 36978, 37029, 37170, 37179, 37220, 37310, 37311, 37345, 37365, 37443, 37457, 37464, 37468, 37491, 37674, 37801, 37866, 37924, 38509, 38879, 38974, 38990, 39181, 39190, 39200, 39381, 39558, 39573, 39589, 39634, 39752, 39889, 40019, 40164, 40171, 40292, 40406, 40548, 40563, 40684, 40707, 40804, 40805, 40912, 40977, 41107, 41207, 41342, 41586, 41670, 41739, 41807, 41877, 41885, 41980, 42006, 42024, 42163, 42168, 42185, 42195, 42435, 42471, 42595, 42660, 42667, 42721, 42814, 42849, 42857, 42959, 43181, 43203, 43251, 43683, 43730, 43766, 43911, 43986, 44002, 44015, 44022, 44035, 44193, 44254, 44331, 44331, 44892, 45501, 45574, 45627, 45819, 46040, 46190, 46403, 46464, 46599, 46866, 46874, 46893, 46910, 46969, 47317, 47323, 47354, 47484, 47518, 47541, 47564, 47765, 47977, 48027, 48043, 48048, 48065, 48077, 48141, 48346, 48472, 48527, 48587, 48592, 48627, 48973, 49207, 49274, 49380, 49554, 49625, 49797, 49817, 49827, 49850]

Algoritmo: Algoritmo: Merge Sort
Número de comparações: 126520
Número de trocas de posição: 64518
Tempo (em segundos): 0,110000

Base de dados ordenada: [129, 286, 294, 424, 481, 647, 656, 672, 789, 815, 914, 1003, 1203, 1243, 1359, 1505, 1523, 1530, 1574, 1612, 1626, 1673, 1979, 2023, 2192, 2590, 2743, 2752, 2799, 2815, 2896, 3034, 3048, 3090, 3299, 3359, 3366, 3443, 3576, 3612, 3657, 3898, 3981, 4382, 4616, 4790, 5095, 5168, 5189, 5307, 5404, 5475, 5478, 5506, 5629, 5757, 5983, 6101, 6475, 6835, 7119, 7279, 7415, 7417, 7462, 7710, 7777, 7822, 7832, 7874, 7884, 8136, 8218, 8230, 8337, 8378, 8446, 8701, 8889, 8901, 8938, 9039, 9094, 9199, 9337, 9445, 9639, 9643, 9745, 9789, 10050, 10162, 10431, 10435, 10494, 10640, 10670, 10710, 10781, 10811, 10957, 11007, 11055, 11076, 11232, 11614, 11740, 11768, 11788, 11926, 12187, 12190, 12208, 12380, 12397, 12435, 12567, 12642, 12837, 12887, 12919, 13007, 13086, 13113, 13228, 13393, 13437, 13449, 13552, 13555, 13580, 13679, 14013, 14314, 14549, 14563, 14617, 14645, 14774, 14813, 14877, 14934, 15436, 15460, 15499, 15517, 15854, 15898, 16045, 16047, 16402, 16463, 16554, 16666, 16675, 16788, 16841, 16935, 16938, 16962, 16975, 17003, 17057, 17061, 17179, 17347, 17580, 17723, 17833, 17839, 17971, 17976, 18181, 18233, 18441, 18554, 18651, 18672, 18752, 18853, 18855, 18860, 18988, 19021, 19026, 19172, 19199, 19200, 19274, 19278, 19293, 19299, 19367, 19396, 19402, 19465, 19468, 19553, 19682, 20020, 20060, 20061, 20062, 20354, 20478, 20637, 20738, 20804, 20833, 20833, 21264, 21316, 21354, 21510, 21517, 21570, 21699, 21772, 21872, 21887, 21933, 22143, 22153, 22174, 22196, 22281, 22394, 22450, 22483, 22520, 22934, 23137, 23155, 23178, 23222, 23235, 23244, 23332, 23395, 23430, 23476, 23501, 23536, 23568, 23652, 23666, 23807, 23835, 23851, 23854, 23955, 24069, 24460, 24467, 24671, 25111, 25248, 25277, 25420, 25486, 25626, 25658, 25705, 25730, 25795, 25917, 26019, 26058, 26145, 26237, 26339, 26394, 26428, 26536, 26559, 26604, 26957, 27128, 27255, 27372, 27373, 27375, 27545, 27614, 27674, 27740, 27813, 27819, 27905, 27906, 28102, 28229, 28237, 28401, 28467, 28560, 28611, 28735, 28847, 28963, 29131, 29449, 29853, 29876, 29917, 30216, 30217, 30301, 30532, 30706, 30923, 31148, 31209, 31386, 31496, 31571, 31670, 31676, 31765, 31807, 31827, 31846, 31852, 31856, 31924, 31970, 32123, 32405, 32410, 32418, 32448, 32619, 32621, 32925, 33150, 33198, 33227, 33270, 33428, 33469, 33587, 33624, 33626, 33684, 33871, 34061, 34088, 34501, 34603, 34627, 34660, 34697, 35416, 35454, 35745, 35819, 35950, 36100, 36141, 36249, 36288, 36542, 36559, 36632, 36823, 36830, 36978, 37029, 37170, 37179, 37220, 37310, 37311, 37345, 37365, 37443, 37457, 37464, 37468, 37491, 37674, 37801, 37866, 37924, 38509, 38879, 38974, 38990, 39181, 39190, 39200, 39381, 39558, 39573, 39589, 39634, 39752, 39889, 40019, 40164, 40171, 40292, 40406, 40548, 40563, 40684, 40707, 40804, 40805, 40912, 40977, 41107, 41207, 41342, 41586, 41670, 41739, 41807, 41877, 41885, 41980, 42006, 42024, 42163, 42168, 42185, 42195, 42435, 42471, 42595, 42660, 42667, 42721, 42814, 42849, 42857, 42959, 43181, 43203, 43251, 43683, 43730, 43766, 43911, 43986, 44002, 44015, 44022, 44035, 44193, 44254, 44331, 44331, 44892, 45501, 45574, 45627, 45819, 46040, 46190, 46403, 46464, 46599, 46866, 46874, 46893, 46910, 46969, 47317, 47323, 47354, 47484, 47518, 47541, 47564, 47765, 47977, 48027, 48043, 48048, 48065, 48077, 48141, 48346, 48472, 48527, 48587, 48592, 48627, 48973, 49207, 49274, 49380, 49554, 49625, 49797, 49817, 49827, 49850]

Algoritmo: Algoritmo: Quick Sort
Número de comparações: 130014
Número de trocas de posição: 69548
Tempo (em segundos): 0,110000

Base de dados ordenada: [129, 286, 294, 424, 481, 647, 656, 672, 789, 815, 914, 1003, 1203, 1243, 1359, 1505, 1523, 1530, 1574, 1612, 1626, 1673, 1979, 2023, 2192, 2590, 2743, 2752, 2799, 2815, 2896, 3034, 3048, 3090, 3299, 3359, 3366, 3443, 3576, 3612, 3657, 3898, 3981, 4382, 4616, 4790, 5095, 5168, 5189, 5307, 5404, 5475, 5478, 5506, 5629, 5757, 5983, 6101, 6475, 6835, 7119, 7279, 7415, 7417, 7462, 7710, 7777, 7822, 7832, 7874, 7884, 8136, 8218, 8230, 8337, 8378, 8446, 8701, 8889, 8901, 8938, 9039, 9094, 9199, 9337, 9445, 9639, 9643, 9745, 9789, 10050, 10162, 10431, 10435, 10494, 10640, 10670, 10710, 10781, 10811, 10957, 11007, 11055, 11076, 11232, 11614, 11740, 11768, 11788, 11926, 12187, 12190, 12208, 12380, 12397, 12435, 12567, 12642, 12837, 12887, 12919, 13007, 13086, 13113, 13228, 13393, 13437, 13449, 13552, 13555, 13580, 13679, 14013, 14314, 14549, 14563, 14617, 14645, 14774, 14813, 14877, 14934, 15436, 15460, 15499, 15517, 15854, 15898, 16045, 16047, 16402, 16463, 16554, 16666, 16675, 16788, 16841, 16935, 16938, 16962, 16975, 17003, 17057, 17061, 17179, 17347, 17580, 17723, 17833, 17839, 17971, 17976, 18181, 18233, 18441, 18554, 18651, 18672, 18752, 18853, 18855, 18860, 18988, 19021, 19026, 19172, 19199, 19200, 19274, 19278, 19293, 19299, 19367, 19396, 19402, 19465, 19468, 19553, 19682, 20020, 20060, 20061, 20062, 20354, 20478, 20637, 20738, 20804, 20833, 20833, 21264, 21316, 21354, 21510, 21517, 21570, 21699, 21772, 21872, 21887, 21933, 22143, 22153, 22174, 22196, 22281, 22394, 22450, 22483, 22520, 22934, 23137, 23155, 23178, 23222, 23235, 23244, 23332, 23395, 23430, 23476, 23501, 23536, 23568, 23652, 23666, 23807, 23835, 23851, 23854, 23955, 24069, 24460, 24467, 24671, 25111, 25248, 25277, 25420, 25486, 25626, 25658, 25705, 25730, 25795, 25917, 26019, 26058, 26145, 26237, 26339, 26394, 26428, 26536, 26559, 26604, 26957, 27128, 27255, 27372, 27373, 27375, 27545, 27614, 27674, 27740, 27813, 27819, 27905, 27906, 28102, 28229, 28237, 28401, 28467, 28560, 28611, 28735, 28847, 28963, 29131, 29449, 29853, 29876, 29917, 30216, 30217, 30301, 30532, 30706, 30923, 31148, 31209, 31386, 31496, 31571, 31670, 31676, 31765, 31807, 31827, 31846, 31852, 31856, 31924, 31970, 32123, 32405, 32410, 32418, 32448, 32619, 32621, 32925, 33150, 33198, 33227, 33270, 33428, 33469, 33587, 33624, 33626, 33684, 33871, 34061, 34088, 34501, 34603, 34627, 34660, 34697, 35416, 35454, 35745, 35819, 35950, 36100, 36141, 36249, 36288, 36542, 36559, 36632, 36823, 36830, 36978, 37029, 37170, 37179, 37220, 37310, 37311, 37345, 37365, 37443, 37457, 37464, 37468, 37491, 37674, 37801, 37866, 37924, 38509, 38879, 38974, 38990, 39181, 39190, 39200, 39381, 39558, 39573, 39589, 39634, 39752, 39889, 40019, 40164, 40171, 40292, 40406, 40548, 40563, 40684, 40707, 40804, 40805, 40912, 40977, 41107, 41207, 41342, 41586, 41670, 41739, 41807, 41877, 41885, 41980, 42006, 42024, 42163, 42168, 42185, 42195, 42435, 42471, 42595, 42660, 42667, 42721, 42814, 42849, 42857, 42959, 43181, 43203, 43251, 43683, 43730, 43766, 43911, 43986, 44002, 44015, 44022, 44035, 44193, 44254, 44331, 44331, 44892, 45501, 45574, 45627, 45819, 46040, 46190, 46403, 46464, 46599, 46866, 46874, 46893, 46910, 46969, 47317, 47323, 47354, 47484, 47518, 47541, 47564, 47765, 47977, 48027, 48043, 48048, 48065, 48077, 48141, 48346, 48472, 48527, 48587, 48592, 48627, 48973, 49207, 49274, 49380, 49554, 49625, 49797, 49817, 49827, 49850]

