Relatório de Análise de Algoritmos de Ordenação

Base de dados selecionada com tamanho 50, Sem Duplicidade e Aleatório.

Caminho do arquivo: dados\50\Sem Duplicidade\Aleatório\dtaleat50uni0.txt

Base de dados original: [436, 196, 4302, 1226, 4397, 1197, 3097, 3360, 2331, 2061, 4496, 3539, 4329, 561, 4923, 4401, 1126, 431, 4391, 1954, 2069, 3934, 1484, 4748, 3233, 1726, 4752, 1567, 1949, 2396, 2284, 482, 728, 4986, 3662, 598, 4041, 1183, 3430, 534, 643, 3285, 4296, 2669, 4850, 1167, 597, 3710, 3472, 3565]

Algoritmo: Algoritmo: Bubble Sort
Número de comparações: 1225
Número de trocas de posição: 598
Tempo (em segundos): 0,016000

Base de dados ordenada: [196, 431, 436, 482, 534, 561, 597, 598, 643, 728, 1126, 1167, 1183, 1197, 1226, 1484, 1567, 1726, 1949, 1954, 2061, 2069, 2284, 2331, 2396, 2669, 3097, 3233, 3285, 3360, 3430, 3472, 3539, 3565, 3662, 3710, 3934, 4041, 4296, 4302, 4329, 4391, 4397, 4401, 4496, 4748, 4752, 4850, 4923, 4986]

Algoritmo: Algoritmo: Merge Sort
Número de comparações: 1378
Número de trocas de posição: 751
Tempo (em segundos): 0,018000

Base de dados ordenada: [196, 431, 436, 482, 534, 561, 597, 598, 643, 728, 1126, 1167, 1183, 1197, 1226, 1484, 1567, 1726, 1949, 1954, 2061, 2069, 2284, 2331, 2396, 2669, 3097, 3233, 3285, 3360, 3430, 3472, 3539, 3565, 3662, 3710, 3934, 4041, 4296, 4302, 4329, 4391, 4397, 4401, 4496, 4748, 4752, 4850, 4923, 4986]

Algoritmo: Algoritmo: Quick Sort
Número de comparações: 1571
Número de trocas de posição: 1130
Tempo (em segundos): 0,000000

Base de dados ordenada: [196, 431, 436, 482, 534, 561, 597, 598, 643, 728, 1126, 1167, 1183, 1197, 1226, 1484, 1567, 1726, 1949, 1954, 2061, 2069, 2284, 2331, 2396, 2669, 3097, 3233, 3285, 3360, 3430, 3472, 3539, 3565, 3662, 3710, 3934, 4041, 4296, 4302, 4329, 4391, 4397, 4401, 4496, 4748, 4752, 4850, 4923, 4986]

