Relatório de Análise de Algoritmos de Ordenação

Base de dados selecionada com tamanho 100, Sem Duplicidade e Convexo-CresceDescresce.

Caminho do arquivo: dados\100\Sem Duplicidade\Convexo-CresceDescresce\dtconvx100uni0.txt

Base de dados original: [184, 470, 510, 799, 901, 1282, 1544, 1776, 1877, 1944, 2215, 2452, 2499, 2732, 2927, 3365, 3469, 3549, 3703, 3744, 3858, 3984, 4327, 4347, 4659, 5044, 5174, 5275, 5642, 5777, 5873, 6252, 6648, 6706, 6936, 7005, 7119, 7175, 7245, 7420, 7574, 8016, 8532, 8715, 9180, 9290, 9403, 9489, 9838, 9855, 9501, 9433, 9380, 9258, 9076, 8614, 8092, 7892, 7522, 7292, 7200, 7172, 7115, 6938, 6841, 6698, 6554, 6185, 5799, 5747, 5499, 5221, 5112, 4822, 4608, 4342, 4123, 3928, 3746, 3726, 3652, 3536, 3442, 3350, 2904, 2721, 2491, 2304, 2213, 1882, 1871, 1710, 1421, 1101, 853, 663, 502, 394, 120, 24]

Algoritmo: Algoritmo: Bubble Sort
Número de comparações: 4950
Número de trocas de posição: 2549
Tempo (em segundos): 0,016000

Base de dados ordenada: [24, 120, 184, 394, 470, 502, 510, 663, 799, 853, 901, 1101, 1282, 1421, 1544, 1710, 1776, 1871, 1877, 1882, 1944, 2213, 2215, 2304, 2452, 2491, 2499, 2721, 2732, 2904, 2927, 3350, 3365, 3442, 3469, 3536, 3549, 3652, 3703, 3726, 3744, 3746, 3858, 3928, 3984, 4123, 4327, 4342, 4347, 4608, 4659, 4822, 5044, 5112, 5174, 5221, 5275, 5499, 5642, 5747, 5777, 5799, 5873, 6185, 6252, 6554, 6648, 6698, 6706, 6841, 6936, 6938, 7005, 7115, 7119, 7172, 7175, 7200, 7245, 7292, 7420, 7522, 7574, 7892, 8016, 8092, 8532, 8614, 8715, 9076, 9180, 9258, 9290, 9380, 9403, 9433, 9489, 9501, 9838, 9855]

Algoritmo: Algoritmo: Merge Sort
Número de comparações: 5306
Número de trocas de posição: 2905
Tempo (em segundos): 0,032000

Base de dados ordenada: [24, 120, 184, 394, 470, 502, 510, 663, 799, 853, 901, 1101, 1282, 1421, 1544, 1710, 1776, 1871, 1877, 1882, 1944, 2213, 2215, 2304, 2452, 2491, 2499, 2721, 2732, 2904, 2927, 3350, 3365, 3442, 3469, 3536, 3549, 3652, 3703, 3726, 3744, 3746, 3858, 3928, 3984, 4123, 4327, 4342, 4347, 4608, 4659, 4822, 5044, 5112, 5174, 5221, 5275, 5499, 5642, 5747, 5777, 5799, 5873, 6185, 6252, 6554, 6648, 6698, 6706, 6841, 6936, 6938, 7005, 7115, 7119, 7172, 7175, 7200, 7245, 7292, 7420, 7522, 7574, 7892, 8016, 8092, 8532, 8614, 8715, 9076, 9180, 9258, 9290, 9380, 9403, 9433, 9489, 9501, 9838, 9855]

Algoritmo: Algoritmo: Quick Sort
Número de comparações: 5786
Número de trocas de posição: 3763
Tempo (em segundos): 0,032000

Base de dados ordenada: [24, 120, 184, 394, 470, 502, 510, 663, 799, 853, 901, 1101, 1282, 1421, 1544, 1710, 1776, 1871, 1877, 1882, 1944, 2213, 2215, 2304, 2452, 2491, 2499, 2721, 2732, 2904, 2927, 3350, 3365, 3442, 3469, 3536, 3549, 3652, 3703, 3726, 3744, 3746, 3858, 3928, 3984, 4123, 4327, 4342, 4347, 4608, 4659, 4822, 5044, 5112, 5174, 5221, 5275, 5499, 5642, 5747, 5777, 5799, 5873, 6185, 6252, 6554, 6648, 6698, 6706, 6841, 6936, 6938, 7005, 7115, 7119, 7172, 7175, 7200, 7245, 7292, 7420, 7522, 7574, 7892, 8016, 8092, 8532, 8614, 8715, 9076, 9180, 9258, 9290, 9380, 9403, 9433, 9489, 9501, 9838, 9855]

