Relatório de Análise de Algoritmos de Ordenação

Base de dados selecionada com tamanho 100, Sem Duplicidade e Aleatório.

Caminho do arquivo: dados\100\Sem Duplicidade\Aleatório\dtaleat100uni0.txt

Base de dados original: [3549, 470, 5174, 7420, 9290, 7175, 7172, 7245, 3984, 7292, 853, 6252, 7522, 9855, 2927, 9258, 5112, 4327, 3928, 9489, 1421, 9076, 5799, 901, 120, 1877, 4123, 1710, 5873, 24, 5044, 1101, 1871, 4608, 3746, 2721, 9403, 2499, 1882, 3858, 5221, 6698, 1944, 7115, 4822, 2215, 3442, 6706, 6185, 8016, 2213, 2732, 4347, 2452, 9180, 6841, 6936, 8715, 5642, 2304, 510, 184, 4342, 5499, 1544, 5275, 7574, 9838, 6938, 8614, 3469, 8532, 7119, 7200, 6648, 7005, 9433, 3350, 8092, 2491, 3365, 1282, 799, 9380, 1776, 3726, 3652, 502, 3703, 3536, 5777, 3744, 9501, 2904, 6554, 663, 5747, 394, 4659, 7892]

Algoritmo: Algoritmo: Bubble Sort
Número de comparações: 4950
Número de trocas de posição: 2530
Tempo (em segundos): 0,015000

Base de dados ordenada: [24, 120, 184, 394, 470, 502, 510, 663, 799, 853, 901, 1101, 1282, 1421, 1544, 1710, 1776, 1871, 1877, 1882, 1944, 2213, 2215, 2304, 2452, 2491, 2499, 2721, 2732, 2904, 2927, 3350, 3365, 3442, 3469, 3536, 3549, 3652, 3703, 3726, 3744, 3746, 3858, 3928, 3984, 4123, 4327, 4342, 4347, 4608, 4659, 4822, 5044, 5112, 5174, 5221, 5275, 5499, 5642, 5747, 5777, 5799, 5873, 6185, 6252, 6554, 6648, 6698, 6706, 6841, 6936, 6938, 7005, 7115, 7119, 7172, 7175, 7200, 7245, 7292, 7420, 7522, 7574, 7892, 8016, 8092, 8532, 8614, 8715, 9076, 9180, 9258, 9290, 9380, 9403, 9433, 9489, 9501, 9838, 9855]

Algoritmo: Algoritmo: Merge Sort
Número de comparações: 5306
Número de trocas de posição: 2886
Tempo (em segundos): 0,016000

Base de dados ordenada: [24, 120, 184, 394, 470, 502, 510, 663, 799, 853, 901, 1101, 1282, 1421, 1544, 1710, 1776, 1871, 1877, 1882, 1944, 2213, 2215, 2304, 2452, 2491, 2499, 2721, 2732, 2904, 2927, 3350, 3365, 3442, 3469, 3536, 3549, 3652, 3703, 3726, 3744, 3746, 3858, 3928, 3984, 4123, 4327, 4342, 4347, 4608, 4659, 4822, 5044, 5112, 5174, 5221, 5275, 5499, 5642, 5747, 5777, 5799, 5873, 6185, 6252, 6554, 6648, 6698, 6706, 6841, 6936, 6938, 7005, 7115, 7119, 7172, 7175, 7200, 7245, 7292, 7420, 7522, 7574, 7892, 8016, 8092, 8532, 8614, 8715, 9076, 9180, 9258, 9290, 9380, 9403, 9433, 9489, 9501, 9838, 9855]

Algoritmo: Algoritmo: Quick Sort
Número de comparações: 5786
Número de trocas de posição: 3744
Tempo (em segundos): 0,016000

Base de dados ordenada: [24, 120, 184, 394, 470, 502, 510, 663, 799, 853, 901, 1101, 1282, 1421, 1544, 1710, 1776, 1871, 1877, 1882, 1944, 2213, 2215, 2304, 2452, 2491, 2499, 2721, 2732, 2904, 2927, 3350, 3365, 3442, 3469, 3536, 3549, 3652, 3703, 3726, 3744, 3746, 3858, 3928, 3984, 4123, 4327, 4342, 4347, 4608, 4659, 4822, 5044, 5112, 5174, 5221, 5275, 5499, 5642, 5747, 5777, 5799, 5873, 6185, 6252, 6554, 6648, 6698, 6706, 6841, 6936, 6938, 7005, 7115, 7119, 7172, 7175, 7200, 7245, 7292, 7420, 7522, 7574, 7892, 8016, 8092, 8532, 8614, 8715, 9076, 9180, 9258, 9290, 9380, 9403, 9433, 9489, 9501, 9838, 9855]

