Relatório de Análise de Algoritmos de Ordenação

Base de dados selecionada com tamanho 100, Sem Duplicidade e Descrescente.

Caminho do arquivo: dados\100\Sem Duplicidade\Descrescente\dtdecre100uni0.txt

Base de dados original: [9855, 9838, 9501, 9489, 9433, 9403, 9380, 9290, 9258, 9180, 9076, 8715, 8614, 8532, 8092, 8016, 7892, 7574, 7522, 7420, 7292, 7245, 7200, 7175, 7172, 7119, 7115, 7005, 6938, 6936, 6841, 6706, 6698, 6648, 6554, 6252, 6185, 5873, 5799, 5777, 5747, 5642, 5499, 5275, 5221, 5174, 5112, 5044, 4822, 4659, 4608, 4347, 4342, 4327, 4123, 3984, 3928, 3858, 3746, 3744, 3726, 3703, 3652, 3549, 3536, 3469, 3442, 3365, 3350, 2927, 2904, 2732, 2721, 2499, 2491, 2452, 2304, 2215, 2213, 1944, 1882, 1877, 1871, 1776, 1710, 1544, 1421, 1282, 1101, 901, 853, 799, 663, 510, 502, 470, 394, 184, 120, 24]

Algoritmo: Algoritmo: Bubble Sort
Número de comparações: 4950
Número de trocas de posição: 4950
Tempo (em segundos): 0,016000

Base de dados ordenada: [24, 120, 184, 394, 470, 502, 510, 663, 799, 853, 901, 1101, 1282, 1421, 1544, 1710, 1776, 1871, 1877, 1882, 1944, 2213, 2215, 2304, 2452, 2491, 2499, 2721, 2732, 2904, 2927, 3350, 3365, 3442, 3469, 3536, 3549, 3652, 3703, 3726, 3744, 3746, 3858, 3928, 3984, 4123, 4327, 4342, 4347, 4608, 4659, 4822, 5044, 5112, 5174, 5221, 5275, 5499, 5642, 5747, 5777, 5799, 5873, 6185, 6252, 6554, 6648, 6698, 6706, 6841, 6936, 6938, 7005, 7115, 7119, 7172, 7175, 7200, 7245, 7292, 7420, 7522, 7574, 7892, 8016, 8092, 8532, 8614, 8715, 9076, 9180, 9258, 9290, 9380, 9403, 9433, 9489, 9501, 9838, 9855]

Algoritmo: Algoritmo: Merge Sort
Número de comparações: 5306
Número de trocas de posição: 5306
Tempo (em segundos): 0,016000

Base de dados ordenada: [24, 120, 184, 394, 470, 502, 510, 663, 799, 853, 901, 1101, 1282, 1421, 1544, 1710, 1776, 1871, 1877, 1882, 1944, 2213, 2215, 2304, 2452, 2491, 2499, 2721, 2732, 2904, 2927, 3350, 3365, 3442, 3469, 3536, 3549, 3652, 3703, 3726, 3744, 3746, 3858, 3928, 3984, 4123, 4327, 4342, 4347, 4608, 4659, 4822, 5044, 5112, 5174, 5221, 5275, 5499, 5642, 5747, 5777, 5799, 5873, 6185, 6252, 6554, 6648, 6698, 6706, 6841, 6936, 6938, 7005, 7115, 7119, 7172, 7175, 7200, 7245, 7292, 7420, 7522, 7574, 7892, 8016, 8092, 8532, 8614, 8715, 9076, 9180, 9258, 9290, 9380, 9403, 9433, 9489, 9501, 9838, 9855]

Algoritmo: Algoritmo: Quick Sort
Número de comparações: 5786
Número de trocas de posição: 6164
Tempo (em segundos): 0,016000

Base de dados ordenada: [24, 120, 184, 394, 470, 502, 510, 663, 799, 853, 901, 1101, 1282, 1421, 1544, 1710, 1776, 1871, 1877, 1882, 1944, 2213, 2215, 2304, 2452, 2491, 2499, 2721, 2732, 2904, 2927, 3350, 3365, 3442, 3469, 3536, 3549, 3652, 3703, 3726, 3744, 3746, 3858, 3928, 3984, 4123, 4327, 4342, 4347, 4608, 4659, 4822, 5044, 5112, 5174, 5221, 5275, 5499, 5642, 5747, 5777, 5799, 5873, 6185, 6252, 6554, 6648, 6698, 6706, 6841, 6936, 6938, 7005, 7115, 7119, 7172, 7175, 7200, 7245, 7292, 7420, 7522, 7574, 7892, 8016, 8092, 8532, 8614, 8715, 9076, 9180, 9258, 9290, 9380, 9403, 9433, 9489, 9501, 9838, 9855]

