Relatório de Análise de Algoritmos de Ordenação

Base de dados selecionada com tamanho 100, Com Duplicidade e Convexo-CresceDescresce.

Caminho do arquivo: dados\100\Com Duplicidade\Convexo-CresceDescresce\dtconvx100dup0.txt

Base de dados original: [387, 656, 783, 1001, 1052, 1104, 1312, 1432, 1605, 1662, 1761, 1807, 2087, 2739, 2845, 3091, 3212, 3390, 3569, 3732, 3757, 4004, 4032, 4151, 4404, 4476, 4489, 4624, 4958, 5077, 5431, 5714, 6221, 6495, 6668, 6693, 6926, 7024, 7289, 7528, 7871, 8070, 8795, 8871, 8899, 9080, 9419, 9443, 9627, 9865, 9574, 9427, 9274, 9035, 8889, 8843, 8681, 7974, 7803, 7416, 7244, 6985, 6905, 6679, 6643, 6321, 5979, 5439, 5151, 5076, 4915, 4513, 4486, 4412, 4258, 4065, 4018, 3775, 3751, 3651, 3422, 3277, 3099, 2963, 2750, 2319, 1866, 1777, 1741, 1644, 1526, 1391, 1268, 1069, 1027, 788, 740, 433, 354, 328]

Algoritmo: Algoritmo: Bubble Sort
Número de comparações: 4950
Número de trocas de posição: 2549
Tempo (em segundos): 0,015000

Base de dados ordenada: [328, 354, 387, 433, 656, 740, 783, 788, 1001, 1027, 1052, 1069, 1104, 1268, 1312, 1391, 1432, 1526, 1605, 1644, 1662, 1741, 1761, 1777, 1807, 1866, 2087, 2319, 2739, 2750, 2845, 2963, 3091, 3099, 3212, 3277, 3390, 3422, 3569, 3651, 3732, 3751, 3757, 3775, 4004, 4018, 4032, 4065, 4151, 4258, 4404, 4412, 4476, 4486, 4489, 4513, 4624, 4915, 4958, 5076, 5077, 5151, 5431, 5439, 5714, 5979, 6221, 6321, 6495, 6643, 6668, 6679, 6693, 6905, 6926, 6985, 7024, 7244, 7289, 7416, 7528, 7803, 7871, 7974, 8070, 8681, 8795, 8843, 8871, 8889, 8899, 9035, 9080, 9274, 9419, 9427, 9443, 9574, 9627, 9865]

Algoritmo: Algoritmo: Merge Sort
Número de comparações: 5306
Número de trocas de posição: 2905
Tempo (em segundos): 0,015000

Base de dados ordenada: [328, 354, 387, 433, 656, 740, 783, 788, 1001, 1027, 1052, 1069, 1104, 1268, 1312, 1391, 1432, 1526, 1605, 1644, 1662, 1741, 1761, 1777, 1807, 1866, 2087, 2319, 2739, 2750, 2845, 2963, 3091, 3099, 3212, 3277, 3390, 3422, 3569, 3651, 3732, 3751, 3757, 3775, 4004, 4018, 4032, 4065, 4151, 4258, 4404, 4412, 4476, 4486, 4489, 4513, 4624, 4915, 4958, 5076, 5077, 5151, 5431, 5439, 5714, 5979, 6221, 6321, 6495, 6643, 6668, 6679, 6693, 6905, 6926, 6985, 7024, 7244, 7289, 7416, 7528, 7803, 7871, 7974, 8070, 8681, 8795, 8843, 8871, 8889, 8899, 9035, 9080, 9274, 9419, 9427, 9443, 9574, 9627, 9865]

Algoritmo: Algoritmo: Quick Sort
Número de comparações: 5786
Número de trocas de posição: 3763
Tempo (em segundos): 0,016000

Base de dados ordenada: [328, 354, 387, 433, 656, 740, 783, 788, 1001, 1027, 1052, 1069, 1104, 1268, 1312, 1391, 1432, 1526, 1605, 1644, 1662, 1741, 1761, 1777, 1807, 1866, 2087, 2319, 2739, 2750, 2845, 2963, 3091, 3099, 3212, 3277, 3390, 3422, 3569, 3651, 3732, 3751, 3757, 3775, 4004, 4018, 4032, 4065, 4151, 4258, 4404, 4412, 4476, 4486, 4489, 4513, 4624, 4915, 4958, 5076, 5077, 5151, 5431, 5439, 5714, 5979, 6221, 6321, 6495, 6643, 6668, 6679, 6693, 6905, 6926, 6985, 7024, 7244, 7289, 7416, 7528, 7803, 7871, 7974, 8070, 8681, 8795, 8843, 8871, 8889, 8899, 9035, 9080, 9274, 9419, 9427, 9443, 9574, 9627, 9865]

