Relatório de Análise de Algoritmos de Ordenação

Base de dados selecionada com tamanho 100, Com Duplicidade e Descrescente.

Caminho do arquivo: dados\100\Com Duplicidade\Descrescente\dtdecre100dup0.txt

Base de dados original: [9865, 9627, 9574, 9443, 9427, 9419, 9274, 9080, 9035, 8899, 8889, 8871, 8843, 8795, 8681, 8070, 7974, 7871, 7803, 7528, 7416, 7289, 7244, 7024, 6985, 6926, 6905, 6693, 6679, 6668, 6643, 6495, 6321, 6221, 5979, 5714, 5439, 5431, 5151, 5077, 5076, 4958, 4915, 4624, 4513, 4489, 4486, 4476, 4412, 4404, 4258, 4151, 4065, 4032, 4018, 4004, 3775, 3757, 3751, 3732, 3651, 3569, 3422, 3390, 3277, 3212, 3099, 3091, 2963, 2845, 2750, 2739, 2319, 2087, 1866, 1807, 1777, 1761, 1741, 1662, 1644, 1605, 1526, 1432, 1391, 1312, 1268, 1104, 1069, 1052, 1027, 1001, 788, 783, 740, 656, 433, 387, 354, 328]

Algoritmo: Algoritmo: Bubble Sort
Número de comparações: 4950
Número de trocas de posição: 4950
Tempo (em segundos): 0,031000

Base de dados ordenada: [328, 354, 387, 433, 656, 740, 783, 788, 1001, 1027, 1052, 1069, 1104, 1268, 1312, 1391, 1432, 1526, 1605, 1644, 1662, 1741, 1761, 1777, 1807, 1866, 2087, 2319, 2739, 2750, 2845, 2963, 3091, 3099, 3212, 3277, 3390, 3422, 3569, 3651, 3732, 3751, 3757, 3775, 4004, 4018, 4032, 4065, 4151, 4258, 4404, 4412, 4476, 4486, 4489, 4513, 4624, 4915, 4958, 5076, 5077, 5151, 5431, 5439, 5714, 5979, 6221, 6321, 6495, 6643, 6668, 6679, 6693, 6905, 6926, 6985, 7024, 7244, 7289, 7416, 7528, 7803, 7871, 7974, 8070, 8681, 8795, 8843, 8871, 8889, 8899, 9035, 9080, 9274, 9419, 9427, 9443, 9574, 9627, 9865]

Algoritmo: Algoritmo: Merge Sort
Número de comparações: 5306
Número de trocas de posição: 5306
Tempo (em segundos): 0,013000

Base de dados ordenada: [328, 354, 387, 433, 656, 740, 783, 788, 1001, 1027, 1052, 1069, 1104, 1268, 1312, 1391, 1432, 1526, 1605, 1644, 1662, 1741, 1761, 1777, 1807, 1866, 2087, 2319, 2739, 2750, 2845, 2963, 3091, 3099, 3212, 3277, 3390, 3422, 3569, 3651, 3732, 3751, 3757, 3775, 4004, 4018, 4032, 4065, 4151, 4258, 4404, 4412, 4476, 4486, 4489, 4513, 4624, 4915, 4958, 5076, 5077, 5151, 5431, 5439, 5714, 5979, 6221, 6321, 6495, 6643, 6668, 6679, 6693, 6905, 6926, 6985, 7024, 7244, 7289, 7416, 7528, 7803, 7871, 7974, 8070, 8681, 8795, 8843, 8871, 8889, 8899, 9035, 9080, 9274, 9419, 9427, 9443, 9574, 9627, 9865]

Algoritmo: Algoritmo: Quick Sort
Número de comparações: 5786
Número de trocas de posição: 6164
Tempo (em segundos): 0,031000

Base de dados ordenada: [328, 354, 387, 433, 656, 740, 783, 788, 1001, 1027, 1052, 1069, 1104, 1268, 1312, 1391, 1432, 1526, 1605, 1644, 1662, 1741, 1761, 1777, 1807, 1866, 2087, 2319, 2739, 2750, 2845, 2963, 3091, 3099, 3212, 3277, 3390, 3422, 3569, 3651, 3732, 3751, 3757, 3775, 4004, 4018, 4032, 4065, 4151, 4258, 4404, 4412, 4476, 4486, 4489, 4513, 4624, 4915, 4958, 5076, 5077, 5151, 5431, 5439, 5714, 5979, 6221, 6321, 6495, 6643, 6668, 6679, 6693, 6905, 6926, 6985, 7024, 7244, 7289, 7416, 7528, 7803, 7871, 7974, 8070, 8681, 8795, 8843, 8871, 8889, 8899, 9035, 9080, 9274, 9419, 9427, 9443, 9574, 9627, 9865]

