Relatório de Análise de Algoritmos de Ordenação

Base de dados selecionada com tamanho 100, Com Duplicidade e Aleatório.

Caminho do arquivo: dados\100\Com Duplicidade\Aleatório\dtaleat100dup0.txt

Base de dados original: [4486, 387, 5076, 2739, 4151, 740, 5979, 1312, 1777, 7871, 1268, 9574, 1741, 4412, 1052, 6693, 8871, 6321, 3277, 9419, 7024, 1662, 2750, 7974, 4018, 1027, 1104, 2963, 8681, 1391, 1866, 3212, 328, 4004, 656, 354, 3091, 9443, 9627, 9035, 9274, 1001, 7803, 3390, 6643, 1807, 8070, 1644, 6221, 7289, 9080, 9865, 783, 3651, 4958, 3099, 4489, 5151, 4065, 4404, 1526, 7244, 4476, 3569, 8899, 1069, 2087, 7416, 4624, 6985, 5439, 3775, 6926, 8843, 3751, 6679, 3757, 2845, 5431, 433, 2319, 9427, 6495, 7528, 5714, 1761, 4032, 3422, 5077, 4915, 1605, 4258, 8795, 788, 1432, 4513, 6905, 8889, 6668, 3732]

Algoritmo: Algoritmo: Bubble Sort
Número de comparações: 4950
Número de trocas de posição: 2277
Tempo (em segundos): 0,017000

Base de dados ordenada: [328, 354, 387, 433, 656, 740, 783, 788, 1001, 1027, 1052, 1069, 1104, 1268, 1312, 1391, 1432, 1526, 1605, 1644, 1662, 1741, 1761, 1777, 1807, 1866, 2087, 2319, 2739, 2750, 2845, 2963, 3091, 3099, 3212, 3277, 3390, 3422, 3569, 3651, 3732, 3751, 3757, 3775, 4004, 4018, 4032, 4065, 4151, 4258, 4404, 4412, 4476, 4486, 4489, 4513, 4624, 4915, 4958, 5076, 5077, 5151, 5431, 5439, 5714, 5979, 6221, 6321, 6495, 6643, 6668, 6679, 6693, 6905, 6926, 6985, 7024, 7244, 7289, 7416, 7528, 7803, 7871, 7974, 8070, 8681, 8795, 8843, 8871, 8889, 8899, 9035, 9080, 9274, 9419, 9427, 9443, 9574, 9627, 9865]

Algoritmo: Algoritmo: Merge Sort
Número de comparações: 5306
Número de trocas de posição: 2633
Tempo (em segundos): 0,020000

Base de dados ordenada: [328, 354, 387, 433, 656, 740, 783, 788, 1001, 1027, 1052, 1069, 1104, 1268, 1312, 1391, 1432, 1526, 1605, 1644, 1662, 1741, 1761, 1777, 1807, 1866, 2087, 2319, 2739, 2750, 2845, 2963, 3091, 3099, 3212, 3277, 3390, 3422, 3569, 3651, 3732, 3751, 3757, 3775, 4004, 4018, 4032, 4065, 4151, 4258, 4404, 4412, 4476, 4486, 4489, 4513, 4624, 4915, 4958, 5076, 5077, 5151, 5431, 5439, 5714, 5979, 6221, 6321, 6495, 6643, 6668, 6679, 6693, 6905, 6926, 6985, 7024, 7244, 7289, 7416, 7528, 7803, 7871, 7974, 8070, 8681, 8795, 8843, 8871, 8889, 8899, 9035, 9080, 9274, 9419, 9427, 9443, 9574, 9627, 9865]

Algoritmo: Algoritmo: Quick Sort
Número de comparações: 5786
Número de trocas de posição: 3491
Tempo (em segundos): 0,015000

Base de dados ordenada: [328, 354, 387, 433, 656, 740, 783, 788, 1001, 1027, 1052, 1069, 1104, 1268, 1312, 1391, 1432, 1526, 1605, 1644, 1662, 1741, 1761, 1777, 1807, 1866, 2087, 2319, 2739, 2750, 2845, 2963, 3091, 3099, 3212, 3277, 3390, 3422, 3569, 3651, 3732, 3751, 3757, 3775, 4004, 4018, 4032, 4065, 4151, 4258, 4404, 4412, 4476, 4486, 4489, 4513, 4624, 4915, 4958, 5076, 5077, 5151, 5431, 5439, 5714, 5979, 6221, 6321, 6495, 6643, 6668, 6679, 6693, 6905, 6926, 6985, 7024, 7244, 7289, 7416, 7528, 7803, 7871, 7974, 8070, 8681, 8795, 8843, 8871, 8889, 8899, 9035, 9080, 9274, 9419, 9427, 9443, 9574, 9627, 9865]

